27628808	ACC	-0.07662964	4.808731	8.755341
27628818	ACC	0.0	4.9045258	8.563751
27628828	ACC	0.019165039	4.9236755	8.391327
27628838	ACC	0.0	4.9428406	8.391327
27628848	ACC	-0.07662964	4.9619904	8.333862
27628858	ACC	-0.19158936	4.9619904	8.391327
27628868	ACC	-0.28736877	4.9619904	8.410492
27628877	ACC	-0.38316345	4.9428406	8.487122
27628887	ACC	-0.4023285	4.9428406	8.487122
27628897	ACC	-0.4023285	4.9428406	8.525436
27628907	ACC	-0.34484863	4.866211	8.621231
27628917	ACC	-0.268219	4.808731	8.659546
27628927	ACC	-0.21073914	4.751251	8.563751
27628937	ACC	-0.24905396	4.7704163	8.544601
27628946	ACC	-0.268219	4.789566	8.506287
27628956	ACC	-0.34484863	4.789566	8.410492
27628966	ACC	-0.38316345	4.751251	8.314697
27628976	ACC	-0.4023285	4.6746216	8.199753
27628986	ACC	-0.36401367	4.6937866	8.065643
27628996	ACC	-0.34484863	4.6746216	8.103958
27629006	ACC	-0.28736877	4.578827	8.180588
27629015	ACC	-0.22990417	4.387253	8.353012
27629025	ACC	-0.24905396	4.1956635	8.487122
27629035	ACC	-0.3065338	4.042404	8.77449
27629045	ACC	-0.36401367	3.9849243	8.946915
27629055	ACC	-0.4597931	4.0040894	9.081024
27629065	ACC	-0.42147827	3.9657593	9.215134
27629074	ACC	-0.4023285	4.023239	9.195984
27629084	ACC	-0.34484863	4.1573486	9.215134
27629094	ACC	-0.36401367	4.348938	9.138504
27629104	ACC	-0.3065338	4.387253	8.870285
27629114	ACC	-0.268219	4.5021973	8.621231
27629124	ACC	-0.17242432	4.6171417	8.391327
27629134	ACC	-0.05747986	4.636307	8.314697
27629143	ACC	0.09579468	4.6746216	8.123123
27629153	ACC	0.24905396	4.751251	8.103958
27629163	ACC	0.4597931	4.7129364	8.218903
27629173	ACC	0.5939026	4.6937866	8.276382
27629183	ACC	0.8046417	4.6171417	8.429642
27629193	ACC	0.9387512	4.5213623	8.678711
27629202	ACC	0.9387512	4.4064026	8.946915
27629212	ACC	0.95791626	4.348938	9.368408
27629222	ACC	0.8429718	4.2339783	9.674942
27629232	ACC	0.7088623	4.1765137	9.923996
27629242	ACC	0.55558777	4.2148285	10.000626
27629252	ACC	0.42147827	4.2148285	10.09642
27629262	ACC	0.3065338	4.272293	10.077255
27629271	ACC	0.24905396	4.368088	9.866516
27629281	ACC	0.3256836	4.4255676	9.674942
27629291	ACC	0.36401367	4.540512	9.195984
27629301	ACC	0.4597931	4.6171417	8.870285
27629311	ACC	0.536438	4.7129364	8.544601
27629321	ACC	0.6322174	4.789566	8.372177
27629331	ACC	0.7280121	4.789566	8.2955475
27629340	ACC	0.82380676	4.789566	8.314697
27629350	ACC	0.8046417	4.808731	8.353012
27629360	ACC	0.7280121	4.7129364	8.429642
27629370	ACC	0.6705475	4.789566	8.525436
27629380	ACC	0.68969727	4.7129364	8.678711
27629390	ACC	0.65138245	4.7129364	8.697861
27629399	ACC	0.6705475	4.6746216	8.736176
27629409	ACC	0.7088623	4.578827	8.793655
27629419	ACC	0.68969727	4.578827	8.793655
27629429	ACC	0.6705475	4.559677	8.81282
27629439	ACC	0.7088623	4.597992	8.736176
27629449	ACC	0.7280121	4.636307	8.582916
27629459	ACC	0.78549194	4.636307	8.544601
27629468	ACC	0.8046417	4.597992	8.429642
27629478	ACC	0.7663269	4.6937866	8.314697
27629488	ACC	0.7280121	4.6746216	8.314697
27629498	ACC	0.68969727	4.655472	8.314697
27629508	ACC	0.5939026	4.6746216	8.2955475
27629518	ACC	0.51727295	4.6746216	8.238068
27629527	ACC	0.47895813	4.7129364	8.314697
27629537	ACC	0.4406433	4.7129364	8.2955475
27629547	ACC	0.49812317	4.6746216	8.314697
27629557	ACC	0.55558777	4.655472	8.353012
27629567	ACC	0.5747528	4.597992	8.333862
27629577	ACC	0.5939026	4.597992	8.372177
27629587	ACC	0.6130676	4.597992	8.372177
27629596	ACC	0.7088623	4.636307	8.333862
27629606	ACC	0.78549194	4.578827	8.314697
27629616	ACC	0.97706604	4.559677	8.333862
27629626	ACC	1.1878204	4.559677	8.391327
27629636	ACC	1.4560242	4.6937866	8.391327
27629646	ACC	1.5326691	4.7321014	8.314697
27629655	ACC	1.5326691	4.6937866	8.180588
27629665	ACC	1.4560242	4.6171417	8.238068
27629675	ACC	1.2644501	4.636307	8.697861
27629685	ACC	1.1686554	4.827896	8.793655
27629695	ACC	1.0537109	4.9428406	8.582916
27629705	ACC	1.1111755	5.0003204	8.448807
27629715	ACC	1.1686554	5.0386353	8.257217
27629724	ACC	1.2835999	5.07695	8.2955475
27629734	ACC	1.4177094	5.115265	8.276382
27629744	ACC	1.5518188	5.115265	8.142273
27629754	ACC	1.6092987	5.0961	7.9890137
27629764	ACC	1.5901337	5.07695	7.912369
27629764	GPS	-7.832142	110.424995	111.96161
27629774	ACC	1.5709839	5.115265	7.854904
27629783	ACC	1.4560242	5.2302094	7.7399445
27629793	ACC	1.4368744	5.2302094	7.5100555
27629803	ACC	1.3985596	5.1918945	7.2418365
27629813	ACC	1.3027649	5.1535797	7.107727
27629823	ACC	1.2261353	5.1918945	7.126892
27629833	ACC	1.1111755	5.1918945	7.126892
27629843	ACC	1.0537109	5.1727448	7.2226715
27629852	ACC	1.0153961	5.0961	7.1843567
27629862	ACC	0.91960144	5.0003204	7.2035217
27629872	ACC	0.7471771	5.01947	7.2035217
27629882	ACC	0.65138245	5.07695	7.375946
27629892	ACC	0.55558777	5.1535797	7.5483704
27629902	ACC	0.55558777	5.1727448	7.663315
27629912	ACC	0.55558777	5.1535797	7.625
27629921	ACC	0.6705475	5.057785	7.663315
27629931	ACC	0.7280121	4.9811554	7.68248
27629941	ACC	0.8429718	5.0003204	7.7782593
27629951	ACC	0.95791626	4.9619904	7.874054
27629961	ACC	1.0345459	4.9811554	8.0273285
27629971	ACC	1.0153961	4.9236755	8.123123
27629980	ACC	0.91960144	4.847046	8.314697
27629990	ACC	0.7471771	4.8853607	8.276382
27630000	ACC	0.5939026	4.9811554	8.257217
27630010	ACC	0.49812317	5.0386353	8.218903
27630020	ACC	0.38316345	5.0003204	8.123123
27630030	ACC	0.3256836	4.9811554	8.218903
27630040	ACC	0.3065338	5.0003204	8.276382
27630049	ACC	0.19158936	4.9619904	8.257217
27630059	ACC	0.19158936	4.9428406	8.161438
27630069	ACC	0.24905396	5.01947	8.142273
27630079	ACC	0.22990417	5.057785	8.084793
27630089	ACC	0.22990417	5.0961	7.931534
27630099	ACC	0.17242432	5.0961	7.912369
27630108	ACC	0.11494446	5.0961	7.874054
27630118	ACC	0.03831482	5.1918945	7.931534
27630128	ACC	-0.09579468	5.2302094	8.008163
27630138	ACC	-0.268219	5.3068542	8.0273285
27630148	ACC	-0.4023285	5.3068542	8.199753
27630158	ACC	-0.5747528	5.3068542	8.218903
27630168	ACC	-0.68969727	5.364319	8.161438
27630177	ACC	-0.8812866	5.4026337	8.084793
27630187	ACC	-1.0345459	5.5175934	8.123123
27630197	ACC	-1.0920258	5.555908	8.142273
27630207	ACC	-1.0345459	5.613373	8.180588
27630217	ACC	-1.0153961	5.632538	8.123123
27630227	ACC	-1.0345459	5.7283325	8.103958
27630236	ACC	-1.1686554	5.7283325	7.9506836
27630246	ACC	-1.4177094	5.7091675	7.9890137
27630256	ACC	-1.6859283	5.804962	8.2955475
27630266	ACC	-1.9924622	5.862442	8.851135
27630276	ACC	-2.279831	5.881592	9.368408
27630286	ACC	-2.4522552	5.843277	9.904831
27630296	ACC	-2.6821594	5.843277	10.479584
27630305	ACC	-2.8737488	5.881592	10.920227
27630315	ACC	-2.9886932	5.9582214	11.245911
27630325	ACC	-2.9695282	6.092331	11.418335
27630335	ACC	-2.8737488	6.3030853	11.49498
27630345	ACC	-2.6246796	6.41803	11.686554
27630355	ACC	-2.2606812	6.590454	12.088882
27630365	ACC	-1.762558	6.590454	12.280472
27630374	ACC	-1.1494904	6.4946594	12.510361
27630384	ACC	-0.6705475	6.2839203	12.855209
27630394	ACC	-0.38316345	6.111496	13.238373
27630404	ACC	-0.19158936	5.900757	13.583221
27630414	ACC	-0.22990417	5.7474823	13.98555
27630424	ACC	-0.51727295	5.555908	14.464508
27630433	ACC	-1.0345459	5.594223	14.828522
27630443	ACC	-1.5709839	5.6900177	15.30748
27630453	ACC	-1.8392029	5.9199066	15.786438
27630463	ACC	-1.8008728	6.168976	16.112122
27630473	ACC	-1.4560242	6.2839203	16.112122
27630483	ACC	-0.8812866	6.1881256	15.805588
27630493	ACC	-0.22990417	5.9390717	14.962631
27630502	ACC	0.4023285	5.804962	14.023865
27630512	ACC	0.91960144	5.6900177	13.295853
27630522	ACC	1.2261353	5.575058	12.816895
27630532	ACC	1.3219147	5.575058	12.472046
27630542	ACC	1.4560242	5.555908	12.127197
27630552	ACC	1.513504	5.4217987	11.51413
27630561	ACC	1.4943542	5.1344147	10.613693
27630571	ACC	1.5326691	4.827896	9.751572
27630581	ACC	1.4943542	4.272293	9.042709
27630591	ACC	1.4751892	3.5825958	8.736176
27630601	ACC	1.1878204	2.8737488	8.640396
27630611	ACC	0.68969727	2.2606812	8.582916
27630621	ACC	0.17242432	1.6859283	8.525436
27630630	ACC	-0.268219	1.2261353	8.372177
27630640	ACC	-0.5939026	1.0728607	8.180588
27630650	ACC	-0.7471771	0.8429718	7.912369
27630660	ACC	-0.55558777	0.65138245	7.5292053
27630670	ACC	-0.19158936	0.4023285	7.050247
27630680	ACC	0.22990417	0.15325928	6.4371796
27630689	ACC	0.7088623	0.0	5.900757
27630699	ACC	1.0728607	-0.07662964	5.4984283
27630709	ACC	1.3793945	0.0	5.2493744
27630719	ACC	1.5518188	0.09579468	4.7129364
27630729	ACC	1.7434082	0.28736877	4.1381836
27630739	ACC	1.8392029	0.34484863	3.8508148
27630749	ACC	1.9732971	0.5747528	3.6783905
27630758	ACC	2.0882568	0.8429718	3.6017609
27630768	ACC	2.241516	1.0153961	3.8891296
27630778	ACC	2.279831	1.0728607	4.310623
27630788	ACC	2.1840515	1.0728607	4.9811554
27630798	ACC	1.9541473	1.0920258	6.0157013
27630808	ACC	1.8200378	1.2835999	7.1843567
27630817	ACC	1.5326691	1.513504	8.238068
27630827	ACC	1.1303406	2.030777	9.464203
27630837	ACC	0.9004364	2.6055298	10.517899
27630847	ACC	0.6322174	3.2377472	11.0351715
27630857	ACC	0.4023285	4.1956635	10.920227
27630867	ACC	0.15325928	5.4217987	10.326324
27630877	ACC	-0.11494446	6.896988	9.923996
27630886	ACC	-0.47895813	8.314697	9.770721
27630896	ACC	-0.49812317	8.946915	9.732407
27630906	ACC	-0.21073914	8.985245	10.211365
27630916	ACC	0.268219	8.391327	11.130966
27630926	ACC	0.6705475	7.9506836	12.203827
27630936	ACC	0.78549194	7.835739	13.123428
27630945	ACC	0.7280121	7.625	13.161743
27630955	ACC	0.68969727	7.2993164	12.510361
27630965	ACC	0.82380676	6.8203583	11.552444
27630975	ACC	0.78549194	6.36055	10.17305
27630985	ACC	0.6705475	6.168976	8.81282
27630995	ACC	0.42147827	6.2839203	7.625
27631005	ACC	0.1341095	6.590454	6.4946594
27631014	ACC	0.0	6.839508	5.575058
27631024	ACC	-0.05747986	7.069412	4.827896
27631034	ACC	-0.17242432	7.2993164	4.272293
27631044	ACC	-0.3256836	7.356781	3.8699799
27631054	ACC	-0.5747528	7.165207	3.9466095
27631064	ACC	-0.82380676	6.628769	4.2531433
27631073	ACC	-0.8621216	6.0348663	4.4638824
27631083	ACC	-1.0345459	5.4984283	4.578827
27631093	ACC	-1.1111755	5.1727448	4.789566
27631103	ACC	-1.245285	4.9236755	4.9236755
27631113	ACC	-1.2644501	4.808731	5.1344147
27631123	ACC	-1.2261353	4.6171417	5.6708527
27631133	ACC	-1.2069702	4.578827	6.1881256
27631142	ACC	-1.1878204	4.5213623	6.2647552
27631152	ACC	-1.1303406	4.655472	5.9773865
27631162	ACC	-1.2261353	4.827896	5.881592
27631172	ACC	-1.4943542	5.2110596	6.0157013
27631182	ACC	-1.8392029	5.9390717	6.4946594
27631192	ACC	-2.3564758	7.2801514	7.0119324
27631201	ACC	-3.352707	9.004395	7.4525757
27631211	ACC	-4.4447174	10.824432	8.142273
27631221	ACC	-5.1727448	12.491211	8.96608
27631231	ACC	-5.057785	13.295853	10.422104
27631241	ACC	-4.023239	13.200058	12.299622
27631251	ACC	-2.3564758	12.280472	13.755646
27631261	ACC	-0.536438	11.0351715	14.272934
27631270	ACC	0.42147827	9.923996	13.85144
27631280	ACC	0.65138245	8.946915	12.663635
27631290	ACC	0.19158936	8.410492	11.322556
27631300	ACC	-0.7471771	8.582916	10.326324
27631310	ACC	-1.762558	8.946915	9.732407
27631320	ACC	-2.4331055	8.88945	9.483353
27631329	ACC	-2.9312134	8.525436	8.9086
27631339	ACC	-2.9886932	7.7399445	8.353012
27631349	ACC	-2.9503784	6.7245636	7.165207
27631359	ACC	-2.8928986	5.785797	6.1306458
27631369	ACC	-2.9695282	5.115265	5.4792786
27631379	ACC	-3.027008	4.5213623	5.536743
27631389	ACC	-2.9312134	3.9082947	5.785797
27631398	ACC	-2.6055298	3.3335419	5.900757
27631408	ACC	-2.0882568	2.8545837	5.824127
27631418	ACC	-1.4943542	2.3564758	5.651703
27631428	ACC	-0.7471771	1.9541473	5.536743
27631438	ACC	-0.19158936	1.4751892	5.326004
27631448	ACC	0.28736877	0.97706604	5.4984283
27631457	ACC	0.5939026	0.4406433	5.7666473
27631467	ACC	0.7088623	-0.07662964	5.9390717
27631477	ACC	0.68969727	-0.49812317	6.092331
27631487	ACC	0.4406433	-0.6322174	6.2839203
27631497	ACC	0.22990417	-0.49812317	6.571289
27631507	ACC	0.07662964	-0.17242432	6.877823
27631517	ACC	0.15325928	0.19158936	7.088562
27631526	ACC	0.4597931	0.42147827	7.0119324
27631536	ACC	0.97706604	0.47895813	6.7245636
27631546	ACC	1.4943542	0.47895813	6.5521393
27631556	ACC	1.9349823	0.51727295	6.3414
27631566	ACC	2.2606812	0.68969727	6.1881256
27631576	ACC	2.3373108	0.78549194	6.092331
27631585	ACC	2.3947906	0.91960144	6.2839203
27631595	ACC	2.3564758	1.0345459	6.5521393
27631605	ACC	2.3564758	1.0345459	6.801193
27631615	ACC	2.3564758	1.1111755	7.165207
27631625	ACC	2.2223663	1.5326691	7.8165894
27631625	GPS	-7.8321533	110.425	115.66223
27631635	ACC	1.8392029	2.3564758	8.621231
27631645	ACC	1.5901337	3.1611176	9.598297
27631654	ACC	1.4751892	3.3335419	9.770721
27631664	ACC	1.4177094	3.1611176	9.8090515
27631674	ACC	0.9962311	3.4484863	9.502518
27631684	ACC	0.3256836	4.636307	9.02356
27631694	ACC	-0.49812317	6.1881256	8.544601
27631704	ACC	-1.3985596	8.065643	8.180588
27631713	ACC	-2.030777	9.655777	8.161438
27631723	ACC	-2.2032013	10.383789	8.793655
27631733	ACC	-2.1265717	10.728638	10.24968
27631743	ACC	-1.5518188	10.747803	11.49498
27631753	ACC	-0.4406433	10.460434	12.491211
27631763	ACC	0.8046417	9.866516	12.682785
27631773	ACC	2.1840515	9.061874	12.012253
27631782	ACC	3.3335419	8.180588	11.36087
27631792	ACC	3.831665	7.2035217	11.073486
27631802	ACC	3.6209106	6.379715	11.3033905
27631812	ACC	2.6630096	6.168976	11.4375
27631822	ACC	1.0153961	6.2456055	11.322556
27631832	ACC	-0.51727295	6.5329742	11.092651
27631841	ACC	-1.9158325	6.896988	10.479584
27631851	ACC	-2.816269	7.1843567	9.847366
27631861	ACC	-3.1419525	7.4717407	9.368408
27631871	ACC	-2.9695282	7.5292053	8.697861
27631881	ACC	-2.4905853	7.2801514	7.931534
27631891	ACC	-1.8200378	7.050247	6.9927826
27631901	ACC	-1.1494904	6.839508	6.2456055
27631910	ACC	-0.8621216	6.571289	5.613373
27631920	ACC	-0.9387512	6.322235	5.0386353
27631930	ACC	-1.513504	6.092331	4.7704163
27631940	ACC	-2.279831	5.9199066	4.9428406
27631950	ACC	-3.084488	5.843277	5.3068542
27631960	ACC	-3.6592407	5.804962	5.785797
27631969	ACC	-4.099869	5.843277	6.054016
27631979	ACC	-4.4447174	5.900757	6.168976
27631989	ACC	-4.5213623	5.900757	6.2839203
27631999	ACC	-4.4447174	5.804962	6.4371796
27632009	ACC	-4.099869	5.594223	6.590454
27632019	ACC	-3.7741852	5.3068542	6.7245636
27632029	ACC	-3.5059662	5.1344147	6.9544525
27632038	ACC	-3.314392	5.2493744	7.4334106
27632048	ACC	-3.2569122	5.594223	7.9890137
27632058	ACC	-3.2185974	6.092331	8.506287
27632068	ACC	-3.2569122	6.628769	9.5216675
27632078	ACC	-3.2185974	6.9927826	10.747803
27632088	ACC	-3.2185974	7.2226715	12.203827
27632097	ACC	-3.1994324	7.4717407	13.793976
27632107	ACC	-3.0653229	7.586685	15.25
27632117	ACC	-2.6821594	7.395096	16.054642
27632127	ACC	-2.1074066	6.6670837	15.958862
27632137	ACC	-1.781723	6.0348663	15.863068
27632147	ACC	-1.8775177	5.9390717	15.997177
27632156	ACC	-2.1074066	6.2647552	16.38034
27632166	ACC	-2.049942	6.7245636	16.59108
27632176	ACC	-1.4177094	6.9353027	15.882217
27632186	ACC	-0.3065338	6.5521393	14.368713
27632196	ACC	0.6705475	6.111496	12.70195
27632206	ACC	1.3410797	5.6708527	11.130966
27632216	ACC	1.513504	5.115265	9.943146
27632225	ACC	1.3793945	4.4447174	9.464203
27632235	ACC	0.8812866	3.9082947	9.464203
27632245	ACC	0.268219	3.5251312	9.445038
27632255	ACC	-0.22990417	3.1228027	9.445038
27632265	ACC	-0.55558777	2.758789	9.215134
27632275	ACC	-0.47895813	2.3756256	9.081024
27632284	ACC	-0.15325928	2.0882568	8.9086
27632294	ACC	0.38316345	1.8966675	8.755341
27632304	ACC	0.9962311	1.5709839	8.582916
27632314	ACC	1.5326691	1.1878204	8.276382
27632324	ACC	1.9158325	0.7280121	7.931534
27632334	ACC	2.1457214	0.47895813	7.7974243
27632344	ACC	2.3181458	0.21073914	7.4334106
27632353	ACC	2.4331055	-0.07662964	7.126892
27632363	ACC	2.4522552	-0.17242432	6.9544525
27632373	ACC	2.4714203	-0.11494446	6.839508
27632383	ACC	2.6055298	0.019165039	6.896988
27632393	ACC	2.777954	0.19158936	6.9353027
27632403	ACC	2.9886932	0.15325928	6.590454
27632412	ACC	3.295227	0.11494446	6.1306458
27632422	ACC	3.5251312	0.03831482	5.7666473
27632432	ACC	3.6975555	-0.03831482	5.594223
27632442	ACC	3.793335	-0.1341095	5.594223
27632452	ACC	3.6592407	-0.24905396	5.843277
27632462	ACC	3.2569122	-0.03831482	6.4371796
27632472	ACC	2.9503784	0.24905396	7.337631
27632481	ACC	2.567215	0.65138245	8.103958
27632491	ACC	2.0690918	1.2069702	8.678711
27632501	ACC	1.4177094	2.049942	9.406723
27632511	ACC	0.5747528	3.1036377	10.134735
27632521	ACC	-0.268219	4.310623	10.613693
27632531	ACC	-0.9962311	5.804962	10.939377
27632541	ACC	-1.6476135	7.0310974	11.111816
27632550	ACC	-1.762558	7.605835	11.38002
27632560	ACC	-1.5326691	7.835739	12.050568
27632570	ACC	-1.0345459	7.68248	12.70195
27632580	ACC	-0.51727295	7.1843567	13.6215515
27632590	ACC	-0.28736877	6.7437134	14.253769
27632600	ACC	-0.22990417	6.5329742	14.10051
27632609	ACC	-0.36401367	6.5329742	13.544907
27632619	ACC	-0.7280121	6.801193	12.77858
27632629	ACC	-1.2644501	7.126892	11.629089
27632629	GPS	-7.832152	110.42499	112.43005
27632639	ACC	-1.7242432	7.2418365	10.479584
27632649	ACC	-1.9349823	7.318466	9.502518
27632659	ACC	-1.8392029	7.2226715	8.83197
27632668	ACC	-1.7050934	6.877823	8.391327
27632678	ACC	-1.6667786	6.5138245	7.7207947
27632688	ACC	-1.8775177	6.36055	6.8203583
27632698	ACC	-2.279831	6.5329742	6.073181
27632708	ACC	-2.6438446	6.896988	5.7666473
27632718	ACC	-2.5289001	7.2418365	5.651703
27632728	ACC	-2.0882568	7.088562	5.536743
27632737	ACC	-1.4560242	6.609604	5.287689
27632747	ACC	-0.95791626	6.0348663	5.1344147
27632757	ACC	-0.97706604	5.7283325	5.1344147
27632767	ACC	-1.4177094	5.651703	5.3068542
27632777	ACC	-2.049942	5.613373	5.345169
27632787	ACC	-2.6438446	5.4984283	5.3068542
27632796	ACC	-3.1419525	5.4601135	5.0961
27632806	ACC	-3.3910217	5.383484	5.01947
27632816	ACC	-3.563446	5.345169	5.1535797
27632826	ACC	-3.5059662	5.3068542	5.5175934
27632836	ACC	-3.276062	5.1535797	5.9199066
27632846	ACC	-2.9886932	5.07695	6.2072906
27632856	ACC	-2.758789	5.1344147	6.571289
27632865	ACC	-2.797104	5.345169	7.2609863
27632875	ACC	-3.084488	5.632538	7.835739
27632885	ACC	-3.6975555	5.9199066	8.372177
27632895	ACC	-4.540512	6.3988647	9.157669
27632905	ACC	-5.3068542	7.5100555	10.460434
27632915	ACC	-5.9582214	9.042709	12.337936
27632925	ACC	-5.7091675	9.923996	14.10051
27632934	ACC	-4.4447174	9.617462	15.039261
27632944	ACC	-2.7013245	8.678711	15.422424
27632954	ACC	-1.2835999	7.5483704	16.073807
27632964	ACC	-0.4597931	6.7245636	17.108353
27632974	ACC	-0.15325928	6.41803	17.87468
27632984	ACC	0.07662964	6.2264404	17.7789
27632993	ACC	0.55558777	5.9199066	17.012558
27633003	ACC	0.8621216	5.594223	15.135056
27633013	ACC	1.0345459	5.287689	12.970169
27633023	ACC	1.0728607	5.2493744	10.843597
27633033	ACC	1.0345459	5.115265	9.157669
27633043	ACC	0.95791626	4.808731	7.9890137
27633052	ACC	0.6705475	4.5021973	7.088562
27633062	ACC	0.21073914	4.348938	6.571289
27633072	ACC	-0.21073914	4.1765137	6.5138245
27633082	ACC	-0.49812317	3.8125	6.379715
27633092	ACC	-0.5747528	3.1802826	6.322235
27633102	ACC	-0.3256836	2.4331055	6.36055
27633112	ACC	0.11494446	1.8008728	6.3988647
27633121	ACC	0.55558777	1.2069702	6.3414
27633131	ACC	1.1303406	0.49812317	6.571289
27633141	ACC	1.6284485	0.0	6.801193
27633151	ACC	1.9541473	-0.36401367	7.050247
27633161	ACC	2.1265717	-0.51727295	7.2609863
27633171	ACC	2.0116272	-0.5747528	7.2226715
27633180	ACC	1.8200378	-0.536438	6.9736176
27633190	ACC	1.7050934	-0.36401367	6.5521393
27633200	ACC	1.6859283	-0.22990417	6.590454
27633210	ACC	1.8583527	-0.019165039	6.5521393
27633220	ACC	2.049942	-0.019165039	6.5521393
27633230	ACC	2.3181458	0.03831482	6.590454
27633240	ACC	2.5863647	0.09579468	6.5138245
27633249	ACC	2.758789	-0.05747986	6.322235
27633259	ACC	2.816269	-0.24905396	6.4563446
27633269	ACC	2.8928986	-0.4597931	6.858673
27633279	ACC	2.797104	-0.51727295	7.56752
27633289	ACC	2.54805	-0.28736877	8.717026
27633299	ACC	2.2032013	-0.05747986	9.981476
27633308	ACC	1.7242432	0.38316345	11.207596
27633318	ACC	1.0920258	1.3985596	12.433731
27633328	ACC	0.8621216	2.797104	12.931854
27633338	ACC	0.8621216	3.8125	12.242142
27633348	ACC	1.1878204	4.5213623	11.150131
27633358	ACC	1.8200378	5.2493744	9.406723
27633368	ACC	2.030777	6.2647552	7.069412
27633377	ACC	1.9924622	7.5100555	5.4984283
27633387	ACC	1.6092987	8.870285	5.383484
27633397	ACC	1.2069702	9.674942	6.41803
27633407	ACC	1.0345459	9.291779	8.257217
27633417	ACC	1.0728607	7.893219	10.345474
27633427	ACC	0.9387512	6.41803	12.414566
27633436	ACC	0.536438	5.900757	13.391647
27633446	ACC	-0.3065338	6.149811	13.449127
27633456	ACC	-1.2261353	7.0119324	13.257538
27633466	ACC	-1.5709839	7.4908905	12.62532
27633476	ACC	-1.0920258	7.165207	11.609924
27633486	ACC	-0.3065338	6.41803	10.575378
27633496	ACC	0.0	5.881592	9.655777
27633505	ACC	-0.4023285	5.785797	8.9086
27633515	ACC	-1.3219147	6.0157013	8.123123
27633525	ACC	-2.241516	6.2647552	6.9927826
27633535	ACC	-3.027008	6.4563446	5.843277
27633545	ACC	-3.4868164	6.647934	5.07695
27633555	ACC	-3.352707	6.896988	4.7321014
27633564	ACC	-2.6246796	6.9161377	4.387253
27633574	ACC	-1.5901337	6.7437134	4.2531433
27633584	ACC	-0.68969727	6.3030853	4.1381836
27633594	ACC	-0.42147827	5.862442	4.2148285
27633604	ACC	-0.8046417	5.632538	4.6746216
27633614	ACC	-1.7050934	5.632538	5.1535797
27633614	GPS	-7.8321657	110.42498	109.052734
27633624	ACC	-2.4714203	5.555908	5.555908
27633633	ACC	-3.1802826	5.555908	5.785797
27633643	ACC	-3.6783905	5.4026337	6.2647552
27633653	ACC	-3.9274445	5.2302094	6.801193
27633663	ACC	-3.9849243	5.0003204	7.2609863
27633673	ACC	-3.9082947	4.7321014	7.5483704
27633683	ACC	-3.831665	4.348938	7.7016296
27633692	ACC	-3.7741852	4.2531433	7.854904
27633702	ACC	-3.7358704	4.348938	8.123123
27633712	ACC	-3.5825958	4.7129364	8.372177
27633722	ACC	-3.5059662	5.3068542	8.467972
27633732	ACC	-3.7358704	5.881592	8.391327
27633742	ACC	-4.080719	6.9161377	8.697861
27633752	ACC	-4.597992	8.582916	9.981476
27633761	ACC	-4.9045258	10.077255	12.184677
27633771	ACC	-4.368088	10.843597	14.311249
27633781	ACC	-3.0653229	10.115585	15.671478
27633791	ACC	-1.3219147	8.008163	16.955093
27633801	ACC	-0.21073914	6.149811	18.717651
27633811	ACC	0.03831482	5.4601135	20.21199
27633820	ACC	-0.05747986	5.2110596	21.572235
27633830	ACC	-0.3256836	5.01947	21.917084
27633840	ACC	-0.3065338	4.6746216	21.112442
27633850	ACC	-0.019165039	4.578827	19.503143
27633860	ACC	0.3256836	4.9045258	17.58731
27633870	ACC	0.7663269	5.4026337	15.30748
27633880	ACC	1.0537109	5.536743	13.180908
27633889	ACC	1.245285	5.364319	11.169281
27633899	ACC	1.245285	4.9811554	9.559982
27633909	ACC	0.95791626	4.597992	8.429642
27633919	ACC	0.4023285	4.329773	7.7016296
27633929	ACC	-0.19158936	3.831665	7.375946
27633939	ACC	-0.5939026	3.314392	7.4908905
27633948	ACC	-0.8621216	2.6821594	7.625
27633958	ACC	-0.9387512	1.9349823	7.7782593
27633968	ACC	-0.82380676	1.2261353	7.931534
27633978	ACC	-0.68969727	0.51727295	8.238068
27633988	ACC	-0.34484863	0.0	8.467972
27633998	ACC	0.07662964	-0.34484863	8.678711
27634008	ACC	0.5939026	-0.68969727	8.697861
27634017	ACC	1.0728607	-0.9387512	8.391327
27634027	ACC	1.4943542	-1.1303406	7.874054
27634037	ACC	1.8775177	-1.245285	7.2035217
27634047	ACC	2.3181458	-1.2644501	6.590454
27634057	ACC	2.6438446	-1.1686554	5.862442
27634067	ACC	2.816269	-1.1494904	5.07695
27634076	ACC	3.084488	-1.0153961	4.4447174
27634086	ACC	3.2185974	-0.8046417	3.9657593
27634096	ACC	3.3335419	-0.55558777	3.6975555
27634106	ACC	3.1994324	-0.28736877	3.4868164
27634116	ACC	2.9503784	-0.11494446	3.5251312
27634126	ACC	2.6055298	0.05747986	3.9849243
27634136	ACC	1.8966675	0.51727295	5.01947
27634145	ACC	1.1111755	1.2644501	6.2647552
27634155	ACC	0.65138245	1.762558	7.414261
27634165	ACC	0.42147827	2.1840515	8.199753
27634175	ACC	0.05747986	2.7396393	8.697861
27634185	ACC	-0.42147827	3.6400757	8.9086
27634195	ACC	-1.0920258	4.751251	9.215134
27634204	ACC	-1.6859283	5.881592	9.674942
27634214	ACC	-2.1648865	6.839508	9.8090515
27634224	ACC	-2.3373108	7.356781	9.8090515
27634234	ACC	-2.4331055	7.2801514	10.23053
27634244	ACC	-2.4714203	7.050247	11.0351715
27634254	ACC	-2.241516	6.839508	12.146362
27634264	ACC	-1.6667786	6.4371796	13.008484
27634273	ACC	-0.68969727	5.4217987	13.736496
27634283	ACC	0.15325928	3.8699799	13.487442
27634293	ACC	0.49812317	2.758789	12.874374
27634303	ACC	0.09579468	2.6821594	12.165512
27634313	ACC	-0.47895813	3.4101715	11.648239
27634323	ACC	-0.78549194	4.4447174	11.226761
27634332	ACC	-0.6130676	4.7704163	10.843597
27634342	ACC	-0.3256836	4.597992	10.1539
27634352	ACC	-0.21073914	4.2531433	9.387558
27634362	ACC	-0.38316345	4.1573486	8.678711
27634372	ACC	-0.9004364	4.291458	8.103958
27634382	ACC	-1.4560242	4.4447174	7.4334106
27634392	ACC	-2.0116272	4.4638824	6.782028
27634401	ACC	-2.3373108	4.368088	6.2456055
27634411	ACC	-2.4522552	4.368088	5.843277
27634421	ACC	-2.4522552	4.4638824	5.4792786
27634431	ACC	-2.3181458	4.6171417	5.01947
27634441	ACC	-2.1265717	4.6937866	4.655472
27634451	ACC	-1.9924622	4.655472	4.4255676
27634460	ACC	-2.0882568	4.655472	4.368088
27634470	ACC	-2.3181458	4.5213623	4.4255676
27634480	ACC	-2.567215	4.2339783	4.559677
27634490	ACC	-2.797104	4.023239	4.7704163
27634500	ACC	-2.9312134	3.9657593	5.1727448
27634510	ACC	-3.046173	3.9849243	5.4026337
27634520	ACC	-3.027008	4.023239	5.594223
27634529	ACC	-2.8737488	4.061554	6.0157013
27634539	ACC	-2.6246796	4.1765137	6.7053986
27634549	ACC	-2.4139404	4.4447174	7.7016296
27634559	ACC	-2.2032013	4.4830475	9.02356
27634569	ACC	-1.8966675	3.8891296	10.24968
27634579	ACC	-1.6284485	2.8928986	10.498749
27634588	ACC	-1.8200378	2.4139404	9.5216675
27634598	ACC	-2.8545837	3.084488	8.161438
27634608	ACC	-4.636307	4.9811554	7.4525757
27634618	ACC	-6.7437134	8.372177	8.429642
27634618	GPS	-7.832198	110.42499	112.72443
27634628	ACC	-7.874054	11.188446	10.28801
27634638	ACC	-7.146042	12.165512	11.265076
27634648	ACC	-4.7129364	11.38002	12.893524
27634657	ACC	-1.3027649	9.962311	13.889755
27634667	ACC	1.5709839	7.9698486	14.5794525
27634677	ACC	3.9466095	5.785797	14.5794525
27634687	ACC	6.877823	3.1802826	13.0659485
27634697	ACC	8.582916	0.7280121	11.782349
27634707	ACC	7.68248	0.03831482	11.858978
27634717	ACC	5.1727448	0.8812866	12.012253
27634726	ACC	2.6821594	2.3373108	12.088882
27634736	ACC	1.0345459	3.9082947	13.276703
27634746	ACC	-0.4406433	5.575058	13.9664
27634756	ACC	-1.6667786	6.7245636	12.299622
27634766	ACC	-1.6859283	6.6670837	10.24968
27634776	ACC	-0.8429718	5.7283325	8.927765
27634785	ACC	0.0	4.6937866	8.065643
27634795	ACC	0.5747528	4.1573486	7.375946
27634805	ACC	0.7088623	4.061554	6.9544525
27634815	ACC	0.68969727	4.099869	7.146042
27634825	ACC	0.7663269	4.080719	7.5292053
27634835	ACC	0.8812866	4.0040894	7.7399445
27634845	ACC	0.9387512	3.8125	7.9506836
27634854	ACC	0.91960144	3.7167053	8.314697
27634864	ACC	0.6705475	3.6400757	8.563751
27634874	ACC	0.15325928	3.563446	8.487122
27634884	ACC	-0.49812317	3.544281	8.333862
27634894	ACC	-0.97706604	3.7167053	8.238068
27634904	ACC	-1.3410797	3.7741852	7.874054
27634913	ACC	-1.3219147	3.8125	7.893219
27634923	ACC	-1.0728607	3.8508148	8.276382
27634933	ACC	-0.68969727	3.7167053	8.314697
27634943	ACC	-0.34484863	3.5059662	8.333862
27634953	ACC	-0.15325928	3.314392	8.276382
27634963	ACC	-0.09579468	3.2377472	8.238068
27634973	ACC	-0.19158936	3.314392	8.257217
27634982	ACC	-0.17242432	3.4868164	8.467972
27634992	ACC	0.019165039	3.6592407	9.02356
27635002	ACC	0.38316345	3.6209106	9.425873
27635012	ACC	0.7280121	3.4868164	9.751572
27635022	ACC	0.95791626	3.3910217	9.981476
27635032	ACC	0.9962311	3.5251312	10.192215
27635041	ACC	0.9004364	3.6783905	10.594528
27635051	ACC	0.6705475	3.9466095	10.843597
27635061	ACC	0.15325928	4.4638824	10.671173
27635071	ACC	-0.24905396	4.9428406	10.077255
27635081	ACC	-0.4023285	5.4409485	9.579147
27635091	ACC	-0.22990417	5.804962	9.195984
27635101	ACC	0.11494446	6.054016	8.563751
27635110	ACC	0.6130676	5.9965515	7.9698486
27635120	ACC	0.95791626	5.536743	7.414261
27635130	ACC	0.9004364	5.287689	7.050247
27635140	ACC	0.3256836	5.4217987	7.050247
27635150	ACC	-0.47895813	5.7091675	7.8165894
27635160	ACC	-1.3602448	5.9965515	8.391327
27635170	ACC	-1.8775177	6.111496	8.755341
27635179	ACC	-1.781723	6.2456055	9.042709
27635189	ACC	-1.1686554	6.168976	9.042709
27635199	ACC	-0.15325928	5.843277	8.77449
27635209	ACC	0.8046417	5.4792786	8.276382
27635219	ACC	1.6476135	5.2110596	7.644165
27635229	ACC	2.0690918	5.115265	7.126892
27635238	ACC	2.1648865	5.115265	6.7628784
27635248	ACC	1.9158325	5.1918945	6.8203583
27635258	ACC	1.513504	5.287689	7.088562
27635268	ACC	1.0728607	5.383484	7.4717407
27635278	ACC	0.5939026	5.326004	7.893219
27635288	ACC	0.15325928	5.2302094	8.008163
27635298	ACC	-0.1341095	5.1535797	7.9506836
27635307	ACC	-0.34484863	5.2493744	7.854904
27635317	ACC	-0.49812317	5.364319	7.854904
27635327	ACC	-0.5939026	5.326004	7.9698486
27635337	ACC	-0.65138245	5.3068542	8.065643
27635347	ACC	-0.7663269	5.345169	8.161438
27635357	ACC	-0.9962311	5.4984283	8.084793
27635366	ACC	-1.1878204	5.613373	7.893219
27635376	ACC	-1.2644501	5.6708527	7.605835
27635386	ACC	-1.2261353	5.6900177	7.337631
27635396	ACC	-1.0537109	5.6708527	7.050247
27635406	ACC	-0.8046417	5.7091675	6.801193
27635416	ACC	-0.55558777	5.804962	6.782028
27635426	ACC	-0.28736877	5.862442	6.7628784
27635435	ACC	-0.1341095	5.9199066	6.7053986
27635445	ACC	0.07662964	5.9773865	6.609604
27635455	ACC	0.11494446	6.0157013	6.571289
27635465	ACC	0.15325928	5.9965515	6.571289
27635475	ACC	0.17242432	6.0157013	6.7053986
27635485	ACC	0.11494446	6.073181	6.858673
27635494	ACC	0.05747986	6.092331	7.088562
27635504	ACC	-0.05747986	6.168976	7.2993164
27635514	ACC	-0.07662964	6.2264404	7.5483704
27635524	ACC	0.019165039	6.2647552	7.586685
27635534	ACC	0.1341095	6.2647552	7.5100555
27635544	ACC	0.22990417	6.3030853	7.2801514
27635554	ACC	0.22990417	6.4371796	7.107727
27635563	ACC	0.3065338	6.647934	7.088562
27635573	ACC	0.34484863	6.839508	6.9927826
27635583	ACC	0.3065338	6.9736176	6.9927826
27635593	ACC	0.28736877	7.050247	7.088562
27635603	ACC	0.1341095	7.146042	7.1843567
27635613	ACC	-0.05747986	7.2035217	7.337631
27635622	ACC	-0.268219	7.318466	7.2801514
27635622	GPS	-7.832214	110.42499	111.6095
27635632	ACC	-0.55558777	7.4717407	7.2035217
27635642	ACC	-0.9962311	7.644165	7.2418365
27635652	ACC	-1.3985596	7.7782593	7.7016296
27635662	ACC	-1.6092987	7.9506836	8.276382
27635672	ACC	-1.5709839	7.912369	8.88945
27635682	ACC	-1.2261353	7.625	9.330093
27635691	ACC	-0.8046417	7.0119324	9.579147
27635701	ACC	-0.536438	6.3988647	9.617462
27635711	ACC	-0.38316345	6.073181	9.694092
27635721	ACC	-0.4597931	5.9773865	9.8090515
27635731	ACC	-0.55558777	5.9773865	9.847366
27635741	ACC	-0.51727295	6.054016	9.655777
27635750	ACC	-0.42147827	6.168976	9.157669
27635760	ACC	-0.268219	6.322235	8.582916
27635770	ACC	-0.21073914	6.4755096	7.9506836
27635780	ACC	-0.268219	6.686249	7.2609863
27635790	ACC	-0.3256836	6.7628784	6.7053986
27635800	ACC	-0.42147827	6.782028	6.2072906
27635810	ACC	-0.5939026	6.7053986	5.843277
27635819	ACC	-0.8429718	6.647934	5.7091675
27635829	ACC	-0.97706604	6.4755096	5.862442
27635839	ACC	-1.1686554	6.379715	5.9965515
27635849	ACC	-1.2261353	6.168976	6.149811
27635859	ACC	-1.1686554	6.0348663	6.4371796
27635869	ACC	-0.9962311	5.862442	6.7437134
27635879	ACC	-0.8429718	5.7666473	6.9927826
27635888	ACC	-0.68969727	5.632538	7.2801514
27635898	ACC	-0.5939026	5.5175934	7.625
27635908	ACC	-0.51727295	5.4217987	7.68248
27635918	ACC	-0.5939026	5.383484	7.625
27635928	ACC	-0.8046417	5.4409485	7.4717407
27635938	ACC	-0.97706604	5.536743	7.395096
27635947	ACC	-1.1878204	5.651703	7.2801514
27635957	ACC	-1.3219147	5.7283325	7.069412
27635967	ACC	-1.3410797	5.785797	6.877823
27635977	ACC	-1.3602448	5.824127	6.801193
27635987	ACC	-1.3027649	5.881592	6.609604
27635997	ACC	-1.2069702	5.881592	6.5329742
27636007	ACC	-0.97706604	5.862442	6.4371796
27636016	ACC	-0.65138245	5.785797	6.379715
27636026	ACC	-0.4406433	5.632538	6.4563446
27636036	ACC	-0.22990417	5.594223	6.5138245
27636046	ACC	-0.05747986	5.575058	6.609604
27636056	ACC	0.0	5.5175934	6.5138245
27636066	ACC	0.09579468	5.4984283	6.5138245
27636075	ACC	0.1341095	5.575058	6.7245636
27636085	ACC	0.09579468	5.536743	6.9544525
27636095	ACC	0.05747986	5.536743	7.2226715
27636105	ACC	0.07662964	5.613373	7.5292053
27636115	ACC	0.19158936	5.632538	7.7974243
27636125	ACC	0.34484863	5.594223	7.9506836
27636135	ACC	0.4597931	5.4984283	8.084793
27636144	ACC	0.6322174	5.4792786	8.046478
27636154	ACC	0.6705475	5.4409485	7.835739
27636164	ACC	0.6705475	5.536743	7.644165
27636174	ACC	0.68969727	5.6708527	7.644165
27636184	ACC	0.7088623	5.824127	7.414261
27636194	ACC	0.7280121	5.9582214	7.146042
27636203	ACC	0.78549194	6.073181	7.0119324
27636213	ACC	0.8812866	6.3030853	6.9927826
27636223	ACC	1.0153961	6.5138245	7.1843567
27636233	ACC	1.3602448	6.36055	7.4334106
27636243	ACC	1.7242432	6.054016	7.395096
27636253	ACC	2.241516	5.613373	7.5292053
27636263	ACC	2.6246796	5.0961	7.4334106
27636272	ACC	2.9120636	4.4638824	7.414261
27636282	ACC	2.8928986	3.9466095	7.931534
27636292	ACC	2.6438446	3.7550201	8.851135
27636302	ACC	2.2606812	4.1573486	10.000626
27636312	ACC	1.781723	4.827896	11.38002
27636322	ACC	1.6092987	5.4409485	12.77858
27636331	ACC	1.4368744	5.7091675	13.698181
27636341	ACC	1.2835999	5.9965515	14.521988
27636351	ACC	1.1494904	6.2072906	15.460739
27636361	ACC	1.2644501	6.4755096	16.150436
27636371	ACC	1.5326691	6.877823	16.169601
27636381	ACC	1.9158325	7.2609863	15.6523285
27636390	ACC	2.2606812	7.7207947	14.771042
27636400	ACC	2.567215	8.257217	13.870605
27636410	ACC	2.8737488	8.621231	12.893524
27636420	ACC	3.084488	8.736176	11.51413
27636430	ACC	2.9886932	8.793655	9.943146
27636440	ACC	2.7396393	8.563751	8.333862
27636450	ACC	2.298996	8.257217	7.050247
27636459	ACC	1.5901337	7.931534	6.168976
27636469	ACC	0.7663269	7.586685	5.843277
27636479	ACC	0.24905396	7.2993164	5.824127
27636489	ACC	0.0	7.2035217	5.785797
27636499	ACC	-0.019165039	7.2609863	5.1918945
27636509	ACC	0.09579468	7.337631	4.061554
27636518	ACC	0.34484863	7.356781	2.8737488
27636528	ACC	0.5747528	7.395096	1.8966675
27636538	ACC	0.65138245	7.2035217	1.6476135
27636548	ACC	0.34484863	6.7053986	2.1074066
27636558	ACC	-0.3065338	6.2647552	2.8545837
27636568	ACC	-1.1686554	6.0157013	3.6975555
27636578	ACC	-2.030777	5.900757	4.6937866
27636587	ACC	-2.7013245	5.7666473	5.843277
27636597	ACC	-3.1419525	5.7091675	6.9927826
27636607	ACC	-3.2569122	5.594223	8.103958
27636617	ACC	-2.9503784	5.364319	8.83197
27636627	ACC	-2.4714203	5.0003204	9.02356
27636627	GPS	-7.83223	110.42499	113.05792
27636637	ACC	-1.9349823	4.540512	8.946915
27636646	ACC	-1.513504	4.2339783	8.659546
27636656	ACC	-1.3027649	4.310623	8.257217
27636666	ACC	-1.1494904	4.8853607	8.046478
27636676	ACC	-1.1686554	5.594223	8.391327
27636686	ACC	-1.3793945	6.092331	8.927765
27636696	ACC	-1.8008728	6.1881256	9.866516
27636706	ACC	-2.567215	6.054016	11.016022
27636715	ACC	-3.544281	6.092331	11.954773
27636725	ACC	-4.4447174	6.5329742	12.855209
27636735	ACC	-4.9811554	7.4525757	13.449127
27636745	ACC	-4.9236755	8.602066	14.06218
27636755	ACC	-3.9849243	9.559982	15.000946
27636765	ACC	-2.3373108	9.866516	15.594849
27636775	ACC	-0.03831482	8.96608	14.943466
27636784	ACC	1.8392029	7.663315	14.215454
27636794	ACC	2.9120636	6.686249	13.3533325
27636804	ACC	3.3335419	5.9390717	12.529526
27636814	ACC	3.1419525	5.364319	11.629089
27636824	ACC	2.509735	4.8853607	10.671173
27636834	ACC	1.5326691	4.636307	9.847366
27636843	ACC	0.34484863	4.7129364	9.195984
27636853	ACC	-0.6705475	4.847046	8.678711
27636863	ACC	-1.3793945	5.07695	8.238068
27636873	ACC	-1.8200378	5.2302094	7.8165894
27636883	ACC	-1.9541473	5.115265	7.4525757
27636893	ACC	-1.8775177	4.636307	6.9161377
27636903	ACC	-1.5518188	4.023239	6.3988647
27636912	ACC	-1.1303406	3.4676514	6.0157013
27636922	ACC	-0.8046417	2.8737488	5.7666473
27636932	ACC	-0.4023285	2.3947906	5.6708527
27636942	ACC	0.019165039	1.9732971	5.632538
27636952	ACC	0.34484863	1.4560242	5.6900177
27636962	ACC	0.68969727	1.1111755	5.9199066
27636971	ACC	0.8621216	0.8429718	6.2072906
27636981	ACC	0.97706604	0.68969727	6.3414
27636991	ACC	0.91960144	0.6322174	6.2839203
27637001	ACC	0.8429718	0.8621216	6.1306458
27637011	ACC	0.91960144	1.1303406	6.2264404
27637021	ACC	0.95791626	1.3410797	6.4563446
27637031	ACC	1.1111755	1.513504	6.686249
27637040	ACC	1.2835999	1.3793945	6.647934
27637050	ACC	1.3602448	1.3219147	6.4946594
27637060	ACC	1.3793945	1.3793945	6.2839203
27637070	ACC	1.4751892	1.5518188	6.2264404
27637080	ACC	1.6476135	1.781723	6.4946594
27637090	ACC	1.781723	1.9541473	6.9161377
27637100	ACC	1.7050934	2.4139404	7.4525757
27637109	ACC	1.4368744	3.352707	8.218903
27637119	ACC	1.4943542	4.1956635	8.621231
27637129	ACC	1.5518188	4.4638824	7.9890137
27637139	ACC	1.513504	4.789566	7.7782593
27637149	ACC	1.3027649	5.5175934	8.391327
27637159	ACC	0.7088623	6.2839203	9.138504
27637168	ACC	0.03831482	6.9161377	9.943146
27637178	ACC	-0.65138245	7.2609863	10.383789
27637188	ACC	-1.0345459	7.605835	10.901062
27637198	ACC	-1.2261353	8.008163	12.1080475
27637208	ACC	-0.91960144	8.525436	13.640701
27637218	ACC	-0.03831482	8.755341	15.077576
27637228	ACC	1.1878204	8.410492	15.709793
27637237	ACC	2.3564758	7.68248	15.000946
27637247	ACC	3.4293365	6.5138245	13.391647
27637257	ACC	4.119034	5.4601135	11.648239
27637267	ACC	4.1381836	4.7704163	10.134735
27637277	ACC	3.4676514	4.808731	9.464203
27637287	ACC	2.2223663	5.287689	9.330093
27637297	ACC	0.82380676	5.651703	9.119354
27637306	ACC	-0.4023285	5.9390717	8.467972
27637316	ACC	-1.5518188	6.168976	7.586685
27637326	ACC	-2.279831	6.3414	6.647934
27637336	ACC	-2.6055298	6.3414	5.7474823
27637346	ACC	-2.54805	6.2839203	5.0961
27637356	ACC	-2.2032013	6.073181	4.6171417
27637365	ACC	-1.7242432	5.824127	4.291458
27637375	ACC	-1.245285	5.536743	4.099869
27637385	ACC	-0.9962311	5.2493744	4.080719
27637395	ACC	-0.9962311	5.1535797	4.080719
27637405	ACC	-1.2261353	5.1344147	4.272293
27637415	ACC	-1.6284485	5.0386353	4.4255676
27637425	ACC	-1.9541473	4.808731	4.655472
27637434	ACC	-2.0690918	4.5021973	4.9428406
27637444	ACC	-2.1840515	4.2339783	5.4026337
27637454	ACC	-2.1457214	4.023239	5.7666473
27637464	ACC	-2.0690918	3.9657593	6.1881256
27637474	ACC	-2.030777	3.9466095	6.647934
27637484	ACC	-1.9732971	4.042404	7.146042
27637494	ACC	-2.0690918	4.1956635	7.5292053
27637503	ACC	-1.9924622	4.4255676	7.912369
27637513	ACC	-1.8775177	4.6171417	8.353012
27637523	ACC	-1.9349823	4.808731	8.77449
27637533	ACC	-2.3947906	4.9811554	9.215134
27637543	ACC	-3.1036377	5.1918945	9.406723
27637553	ACC	-3.8125	5.632538	9.579147
27637562	ACC	-4.808731	6.647934	10.24968
27637572	ACC	-5.4792786	8.276382	11.341705
27637582	ACC	-5.575058	9.636627	12.261307
27637592	ACC	-4.4830475	9.694092	12.548676
27637602	ACC	-2.3947906	8.697861	12.222992
27637612	ACC	-0.21073914	7.8165894	12.433731
27637622	ACC	1.2644501	7.5483704	13.391647
27637622	GPS	-7.8322425	110.42499	112.04639
27637631	ACC	2.4139404	7.337631	14.10051
27637641	ACC	3.2185974	6.3414	14.330399
27637651	ACC	3.544281	5.2493744	13.832291
27637661	ACC	3.1419525	4.540512	12.855209
27637671	ACC	2.0690918	4.540512	12.088882
27637681	ACC	0.8429718	4.789566	11.878143
27637691	ACC	0.07662964	5.2110596	11.8398285
27637700	ACC	-0.22990417	5.5175934	11.667404
27637710	ACC	-0.34484863	5.613373	10.862747
27637720	ACC	-0.38316345	5.4601135	9.751572
27637730	ACC	-0.536438	5.115265	8.563751
27637740	ACC	-0.82380676	4.866211	7.7016296
27637750	ACC	-0.9962311	4.636307	7.2609863
27637759	ACC	-1.0537109	4.310623	7.1843567
27637769	ACC	-0.9004364	3.8125	7.2609863
27637779	ACC	-0.7663269	3.352707	7.356781
27637789	ACC	-0.6130676	3.046173	7.337631
27637799	ACC	-0.47895813	2.8737488	7.375946
27637809	ACC	-0.28736877	2.9503784	7.318466
27637819	ACC	-0.03831482	2.9886932	7.395096
27637828	ACC	0.24905396	2.9503784	7.5292053
27637838	ACC	0.49812317	2.7204742	7.5483704
27637848	ACC	0.6130676	2.4139404	7.4717407
27637858	ACC	0.51727295	2.279831	7.414261
27637868	ACC	0.4406433	2.2032013	7.318466
27637878	ACC	0.42147827	2.2223663	7.2035217
27637888	ACC	0.6322174	2.2032013	7.2035217
27637897	ACC	1.0153961	2.0690918	7.395096
27637907	ACC	1.4177094	1.9158325	7.7207947
27637917	ACC	1.7434082	1.5709839	7.8165894
27637927	ACC	1.9158325	1.1494904	7.912369
27637937	ACC	1.8583527	0.78549194	8.123123
27637947	ACC	1.5901337	0.5939026	8.77449
27637956	ACC	0.97706604	0.7088623	9.904831
27637966	ACC	0.07662964	1.3793945	11.169281
27637976	ACC	-0.7088623	2.1265717	12.357101
27637986	ACC	-0.9004364	2.54805	12.7211
27637996	ACC	-0.55558777	2.509735	12.472046
27638006	ACC	0.36401367	2.6246796	11.973938
27638016	ACC	1.3602448	3.027008	11.399185
27638025	ACC	2.1648865	3.6592407	10.402954
27638035	ACC	2.6055298	4.1765137	9.2534485
27638045	ACC	2.9503784	4.4638824	8.525436
27638055	ACC	3.1611176	4.559677	8.218903
27638065	ACC	3.046173	4.9236755	8.142273
27638075	ACC	2.6821594	4.9811554	8.065643
27638085	ACC	2.1265717	4.6746216	7.7399445
27638094	ACC	1.4177094	4.368088	7.5100555
27638104	ACC	0.536438	4.310623	7.5292053
27638114	ACC	-0.15325928	4.540512	7.7399445
27638124	ACC	-0.42147827	4.9236755	8.103958
27638134	ACC	-0.17242432	5.1344147	8.81282
27638144	ACC	0.42147827	4.9045258	9.5408325
27638153	ACC	1.1303406	4.368088	10.115585
27638163	ACC	1.5901337	3.7550201	10.709488
27638173	ACC	1.6859283	3.276062	11.150131
27638183	ACC	1.4368744	2.9312134	11.188446
27638193	ACC	0.9387512	2.777954	11.265076
27638203	ACC	0.4023285	2.8545837	10.996857
27638213	ACC	0.03831482	2.9503784	10.594528
27638222	ACC	-0.05747986	3.027008	10.192215
27638232	ACC	0.03831482	3.2377472	9.598297
27638242	ACC	0.07662964	3.3718567	8.96608
27638252	ACC	-0.03831482	3.5251312	8.238068
27638262	ACC	-0.24905396	3.6975555	7.4908905
27638272	ACC	-0.6130676	3.9849243	6.877823
27638281	ACC	-0.9962311	4.2339783	6.609604
27638291	ACC	-1.3985596	4.348938	6.571289
27638301	ACC	-1.7242432	4.348938	6.782028
27638311	ACC	-1.9541473	4.2531433	7.2035217
27638321	ACC	-2.0882568	4.1765137	7.4334106
27638331	ACC	-2.2223663	4.2148285	7.625
27638341	ACC	-2.2606812	4.272293	7.7974243
27638350	ACC	-2.2223663	4.4447174	7.874054
27638360	ACC	-2.049942	4.6937866	7.9890137
27638370	ACC	-1.8966675	4.9045258	7.9890137
27638380	ACC	-1.762558	5.1344147	7.9890137
27638390	ACC	-1.5901337	5.364319	8.065643
27638400	ACC	-1.5518188	5.575058	7.9890137
27638410	ACC	-1.6092987	5.785797	7.7399445
27638419	ACC	-1.6092987	5.9773865	7.663315
27638429	ACC	-1.6667786	6.2264404	7.4908905
27638439	ACC	-1.7242432	6.379715	7.5100555
27638449	ACC	-1.7242432	6.3988647	7.605835
27638459	ACC	-1.8392029	6.4755096	7.835739
27638469	ACC	-1.8966675	6.6670837	8.123123
27638478	ACC	-1.8392029	6.9161377	8.2955475
27638488	ACC	-1.513504	6.9927826	8.333862
27638498	ACC	-1.1111755	7.069412	8.467972
27638508	ACC	-0.8046417	7.165207	8.678711
27638518	ACC	-0.82380676	7.4908905	8.621231
27638528	ACC	-0.9004364	7.912369	8.736176
27638538	ACC	-1.0537109	8.199753	9.042709
27638547	ACC	-1.1303406	8.353012	9.5216675
27638557	ACC	-0.9004364	8.065643	10.268845
27638567	ACC	-0.4023285	7.414261	11.3033905
27638577	ACC	0.268219	6.801193	12.529526
27638587	ACC	0.8429718	6.168976	13.449127
27638597	ACC	1.1878204	5.594223	13.889755
27638606	ACC	1.1494904	4.9619904	13.698181
27638616	ACC	0.8046417	4.597992	13.391647
27638616	GPS	-7.832253	110.42499	112.83923
27638626	ACC	0.268219	4.6171417	13.238373
27638636	ACC	-0.15325928	4.827896	13.046799
27638646	ACC	-0.17242432	4.9236755	12.797745
27638656	ACC	0.019165039	4.9236755	12.299622
27638666	ACC	0.268219	4.866211	11.686554
27638675	ACC	0.4406433	4.7704163	10.7669525
27638685	ACC	0.47895813	4.636307	9.847366
27638695	ACC	0.47895813	4.540512	9.004395
27638705	ACC	0.4406433	4.4064026	8.372177
27638715	ACC	0.36401367	4.1956635	7.663315
27638725	ACC	0.3256836	4.023239	7.088562
27638734	ACC	0.3256836	3.8699799	6.647934
27638744	ACC	0.38316345	3.8125	6.2839203
27638754	ACC	0.6322174	3.793335	6.2264404
27638764	ACC	0.9387512	3.8508148	6.379715
27638774	ACC	1.2644501	3.8699799	6.5521393
27638784	ACC	1.4751892	3.6017609	6.628769
27638794	ACC	1.4560242	3.2377472	6.686249
27638803	ACC	0.95791626	2.835434	7.107727
27638813	ACC	0.38316345	2.6821594	7.586685
27638823	ACC	-0.3065338	2.7013245	7.893219
27638833	ACC	-0.82380676	2.9312134	8.123123
27638843	ACC	-1.0537109	3.1036377	8.276382
27638853	ACC	-0.9962311	3.1228027	8.333862
27638862	ACC	-0.68969727	3.1611176	8.448807
27638872	ACC	-0.28736877	3.1802826	8.487122
27638882	ACC	0.03831482	3.1419525	8.602066
27638892	ACC	0.38316345	3.1036377	8.851135
27638902	ACC	0.65138245	2.9886932	8.985245
27638912	ACC	0.82380676	2.9120636	9.138504
27638922	ACC	0.95791626	2.835434	9.176819
27638931	ACC	0.95791626	2.797104	8.9086
27638941	ACC	0.97706604	2.835434	8.506287
27638951	ACC	0.9004364	3.027008	8.161438
27638961	ACC	0.91960144	3.314392	7.7591095
27638971	ACC	1.0537109	3.6400757	7.5483704
27638981	ACC	1.1303406	3.9849243	7.4525757
27638991	ACC	1.2069702	4.272293	7.4525757
27639000	ACC	1.3027649	4.540512	7.4717407
27639010	ACC	1.3219147	4.655472	7.56752
27639020	ACC	1.2644501	4.7129364	7.68248
27639030	ACC	1.1878204	4.866211	7.7974243
27639040	ACC	1.1494904	5.01947	8.084793
27639050	ACC	1.2261353	5.115265	8.467972
27639059	ACC	1.245285	5.115265	8.736176
27639069	ACC	1.3410797	5.1535797	8.927765
27639079	ACC	1.4560242	5.1918945	8.985245
27639089	ACC	1.4177094	5.268524	8.870285
27639099	ACC	1.3410797	5.2302094	8.9086
27639109	ACC	1.245285	5.1727448	9.02356
27639119	ACC	1.1686554	5.057785	8.96608
27639128	ACC	1.0153961	5.1344147	8.81282
27639138	ACC	0.9387512	5.326004	8.602066
27639148	ACC	1.0537109	5.345169	8.582916
27639158	ACC	1.3602448	5.2493744	8.717026
27639168	ACC	1.6284485	5.115265	8.870285
27639178	ACC	1.6667786	4.827896	9.234299
27639187	ACC	1.513504	4.387253	9.502518
27639197	ACC	1.0537109	3.831665	9.694092
27639207	ACC	0.49812317	3.4868164	10.019791
27639217	ACC	-0.3065338	3.3910217	10.652008
27639227	ACC	-1.0537109	3.6592407	11.4375
27639237	ACC	-1.4943542	3.6783905	11.878143
27639247	ACC	-1.5709839	3.6209106	11.724869
27639256	ACC	-1.3985596	3.6783905	10.939377
27639266	ACC	-1.0345459	3.7358704	10.192215
27639276	ACC	-0.7471771	3.8891296	9.598297
27639286	ACC	-0.4597931	3.9657593	9.2534485
27639296	ACC	-0.15325928	3.9466095	9.119354
27639306	ACC	0.15325928	3.8891296	9.02356
27639315	ACC	0.42147827	3.7741852	9.004395
27639325	ACC	0.65138245	3.6209106	9.157669
27639335	ACC	0.7471771	3.4676514	9.157669
27639345	ACC	0.7663269	3.3335419	9.291779
27639355	ACC	0.7663269	3.4101715	9.234299
27639365	ACC	0.6322174	3.5825958	9.176819
27639375	ACC	0.5747528	3.7741852	9.100189
27639384	ACC	0.47895813	4.023239	8.851135
27639394	ACC	0.42147827	4.119034	8.697861
27639404	ACC	0.47895813	4.1956635	8.544601
27639414	ACC	0.4597931	4.272293	8.276382
27639424	ACC	0.42147827	4.291458	8.142273
27639434	ACC	0.28736877	4.2339783	8.103958
27639444	ACC	0.09579468	4.1956635	8.123123
27639453	ACC	-0.09579468	4.310623	8.161438
27639463	ACC	-0.19158936	4.4064026	8.257217
27639473	ACC	-0.28736877	4.4447174	8.2955475
27639483	ACC	-0.268219	4.5021973	8.391327
27639493	ACC	-0.19158936	4.540512	8.353012
27639503	ACC	-0.03831482	4.6937866	8.238068
27639512	ACC	0.05747986	4.827896	8.046478
27639522	ACC	0.15325928	4.9428406	7.931534
27639532	ACC	0.1341095	5.057785	7.7974243
27639542	ACC	0.0	5.1535797	7.68248
27639552	ACC	-0.17242432	5.2302094	7.663315
27639562	ACC	-0.3256836	5.326004	7.7974243
27639572	ACC	-0.47895813	5.364319	8.008163
27639581	ACC	-0.51727295	5.3068542	8.161438
27639591	ACC	-0.51727295	5.1727448	8.391327
27639601	ACC	-0.4597931	5.115265	8.563751
27639611	ACC	-0.4023285	5.0961	8.582916
27639621	ACC	-0.24905396	5.1344147	8.678711
27639621	GPS	-7.8322625	110.42498	111.886475
27639631	ACC	-0.05747986	5.2110596	8.659546
27639640	ACC	0.05747986	5.3068542	8.678711
27639650	ACC	0.15325928	5.345169	8.659546
27639660	ACC	0.21073914	5.4792786	8.640396
27639670	ACC	0.28736877	5.575058	8.640396
27639680	ACC	0.38316345	5.6900177	8.659546
27639690	ACC	0.4023285	5.651703	8.697861
27639700	ACC	0.4406433	5.651703	8.640396
27639709	ACC	0.4597931	5.632538	8.602066
27639719	ACC	0.49812317	5.594223	8.582916
27639729	ACC	0.51727295	5.4984283	8.487122
27639739	ACC	0.47895813	5.4792786	8.2955475
27639749	ACC	0.268219	5.5175934	8.0273285
27639759	ACC	-0.09579468	5.594223	7.7591095
27639768	ACC	-0.34484863	5.651703	7.605835
27639778	ACC	-0.536438	5.536743	7.586685
27639788	ACC	-0.55558777	5.4601135	7.8165894
27639798	ACC	-0.6705475	5.3068542	8.046478
27639808	ACC	-0.8046417	5.1535797	8.218903
27639818	ACC	-0.9962311	4.9811554	8.199753
27639828	ACC	-1.2644501	4.7129364	8.372177
27639837	ACC	-1.513504	4.655472	8.563751
27639847	ACC	-1.6667786	4.6171417	8.793655
27639857	ACC	-1.513504	4.597992	9.081024
27639867	ACC	-1.2069702	4.559677	9.291779
27639877	ACC	-0.7663269	4.4064026	9.425873
27639887	ACC	-0.4406433	4.2339783	9.598297
27639896	ACC	-0.3065338	4.061554	9.483353
27639906	ACC	-0.22990417	3.8891296	9.310928
27639916	ACC	-0.268219	3.7741852	9.234299
27639926	ACC	-0.38316345	3.7358704	9.2534485
27639936	ACC	-0.5939026	3.7550201	9.291779
27639946	ACC	-0.6322174	3.8699799	9.368408
27639956	ACC	-0.6322174	3.9657593	9.100189
27639965	ACC	-0.51727295	4.0040894	8.870285
27639975	ACC	-0.36401367	4.1573486	8.736176
27639985	ACC	-0.28736877	4.1765137	8.659546
27639995	ACC	-0.17242432	4.1956635	8.640396
27640005	ACC	-0.09579468	4.080719	8.678711
27640015	ACC	-0.11494446	3.9657593	8.678711
27640024	ACC	-0.22990417	3.9274445	8.736176
27640034	ACC	-0.36401367	3.9082947	8.927765
27640044	ACC	-0.4597931	3.9274445	8.985245
27640054	ACC	-0.4023285	3.8891296	9.138504
27640064	ACC	-0.3256836	3.8891296	9.157669
27640074	ACC	-0.34484863	3.8891296	9.061874
27640084	ACC	-0.36401367	3.9082947	9.004395
27640093	ACC	-0.4023285	3.8699799	8.851135
27640103	ACC	-0.4023285	3.9274445	8.717026
27640113	ACC	-0.47895813	3.9657593	8.697861
27640123	ACC	-0.47895813	4.042404	8.640396
27640133	ACC	-0.4597931	4.061554	8.659546
27640143	ACC	-0.38316345	4.080719	8.697861
27640152	ACC	-0.36401367	4.042404	8.755341
27640162	ACC	-0.3065338	4.061554	8.870285
27640172	ACC	-0.28736877	4.023239	9.004395
27640182	ACC	-0.268219	4.080719	9.042709
27640192	ACC	-0.22990417	4.061554	9.042709
27640202	ACC	-0.17242432	4.080719	9.138504
27640212	ACC	-0.15325928	4.099869	9.176819
27640221	ACC	-0.19158936	4.1381836	9.368408
27640231	ACC	-0.268219	4.2339783	9.617462
27640241	ACC	-0.3256836	4.272293	9.885681
27640251	ACC	-0.22990417	4.2148285	10.23053
27640261	ACC	0.019165039	4.099869	10.364639
27640271	ACC	0.3065338	3.9657593	10.192215
27640280	ACC	0.5939026	3.8125	9.904831
27640290	ACC	0.68969727	3.793335	9.5216675
27640300	ACC	0.536438	3.831665	9.272614
27640310	ACC	0.22990417	3.8699799	9.176819
27640320	ACC	-0.09579468	3.9849243	9.195984
27640330	ACC	-0.4023285	3.9849243	9.2534485
27640340	ACC	-0.6130676	4.080719	9.272614
27640349	ACC	-0.82380676	4.1381836	9.138504
27640359	ACC	-0.91960144	4.2339783	8.985245
27640369	ACC	-0.97706604	4.2339783	8.851135
27640379	ACC	-0.82380676	4.329773	8.755341
27640389	ACC	-0.68969727	4.348938	8.697861
27640399	ACC	-0.4597931	4.329773	8.621231
27640408	ACC	-0.268219	4.348938	8.582916
27640418	ACC	-0.19158936	4.387253	8.448807
27640428	ACC	-0.17242432	4.387253	8.391327
27640438	ACC	-0.11494446	4.4830475	8.391327
27640448	ACC	-0.05747986	4.540512	8.391327
27640458	ACC	0.05747986	4.540512	8.467972
27640468	ACC	0.21073914	4.5213623	8.487122
27640477	ACC	0.34484863	4.5213623	8.582916
27640487	ACC	0.4406433	4.540512	8.621231
27640497	ACC	0.55558777	4.578827	8.640396
27640507	ACC	0.5939026	4.578827	8.678711
27640517	ACC	0.68969727	4.578827	8.83197
27640527	ACC	0.78549194	4.5021973	9.081024
27640537	ACC	0.8429718	4.4255676	9.195984
27640546	ACC	0.7280121	4.368088	9.2534485
27640556	ACC	0.6322174	4.272293	9.234299
27640566	ACC	0.47895813	4.310623	9.234299
27640576	ACC	0.36401367	4.329773	9.119354
27640586	ACC	0.21073914	4.368088	8.96608
27640596	ACC	0.11494446	4.4064026	8.77449
27640605	ACC	0.03831482	4.5021973	8.602066
27640615	ACC	-0.03831482	4.6171417	8.448807
27640625	ACC	-0.15325928	4.7321014	8.333862
27640625	GPS	-7.8322716	110.42498	110.94171
27640635	ACC	-0.24905396	4.751251	8.276382
27640645	ACC	-0.28736877	4.7704163	8.257217
27640655	ACC	-0.34484863	4.751251	8.2955475
27640665	ACC	-0.38316345	4.7321014	8.314697
27640674	ACC	-0.4023285	4.6937866	8.487122
27640684	ACC	-0.4406433	4.655472	8.582916
27640694	ACC	-0.36401367	4.6746216	8.640396
27640704	ACC	-0.22990417	4.7129364	8.659546
27640714	ACC	-0.07662964	4.751251	8.582916
27640724	ACC	0.05747986	4.789566	8.640396
27640734	ACC	0.21073914	4.866211	8.525436
27640743	ACC	0.28736877	4.866211	8.506287
27640753	ACC	0.28736877	4.9045258	8.487122
27640763	ACC	0.24905396	4.9428406	8.448807
27640773	ACC	0.17242432	4.9428406	8.448807
27640783	ACC	0.09579468	4.9045258	8.487122
27640793	ACC	0.019165039	4.8853607	8.544601
27640802	ACC	0.0	4.827896	8.659546
27640812	ACC	-0.07662964	4.751251	8.717026
27640822	ACC	-0.1341095	4.6937866	8.755341
27640832	ACC	-0.1341095	4.7129364	8.83197
27640842	ACC	-0.11494446	4.7129364	8.88945
27640852	ACC	-0.07662964	4.7129364	8.88945
27640862	ACC	-0.03831482	4.7129364	8.851135
27640871	ACC	-0.03831482	4.6937866	8.88945
27640881	ACC	-0.05747986	4.7321014	8.793655
27640891	ACC	-0.11494446	4.7321014	8.755341
27640901	ACC	-0.09579468	4.7321014	8.659546
27640911	ACC	-0.11494446	4.6937866	8.697861
27640921	ACC	-0.07662964	4.655472	8.678711
27640931	ACC	-0.11494446	4.6171417	8.678711
27640940	ACC	-0.11494446	4.559677	8.640396
27640950	ACC	-0.19158936	4.559677	8.582916
27640960	ACC	-0.24905396	4.540512	8.621231
27640970	ACC	-0.24905396	4.6171417	8.659546
27640980	ACC	-0.24905396	4.6171417	8.793655
27640990	ACC	-0.19158936	4.578827	8.77449
27640999	ACC	-0.09579468	4.597992	8.678711
27641009	ACC	-0.05747986	4.597992	8.563751
27641019	ACC	-0.05747986	4.597992	8.467972
27641029	ACC	-0.05747986	4.6937866	8.429642
27641039	ACC	-0.07662964	4.7129364	8.448807
27641049	ACC	-0.05747986	4.7321014	8.487122
27641059	ACC	-0.019165039	4.7321014	8.544601
27641068	ACC	-0.03831482	4.7129364	8.602066
27641078	ACC	-0.03831482	4.636307	8.659546
27641088	ACC	-0.09579468	4.636307	8.602066
27641098	ACC	-0.07662964	4.655472	8.640396
27641108	ACC	-0.11494446	4.7129364	8.640396
27641118	ACC	-0.17242432	4.655472	8.621231
27641127	ACC	-0.19158936	4.655472	8.602066
27641137	ACC	-0.19158936	4.6746216	8.621231
27641147	ACC	-0.1341095	4.751251	8.602066
27641157	ACC	-0.1341095	4.751251	8.621231
27641167	ACC	-0.11494446	4.7129364	8.678711
27641177	ACC	-0.07662964	4.6171417	8.77449
27641187	ACC	-0.1341095	4.578827	8.851135
27641196	ACC	-0.19158936	4.540512	8.9086
27641206	ACC	-0.34484863	4.540512	9.042709
27641216	ACC	-0.4023285	4.559677	9.138504
27641226	ACC	-0.536438	4.559677	9.176819
27641236	ACC	-0.55558777	4.559677	9.061874
27641246	ACC	-0.6130676	4.597992	8.851135
27641255	ACC	-0.68969727	4.655472	8.736176
27641265	ACC	-0.7280121	4.7321014	8.640396
27641275	ACC	-0.7280121	4.808731	8.697861
27641285	ACC	-0.65138245	4.847046	8.659546
27641295	ACC	-0.5939026	4.7704163	8.659546
27641305	ACC	-0.49812317	4.6937866	8.717026
27641315	ACC	-0.4406433	4.636307	8.81282
27641324	ACC	-0.36401367	4.5213623	8.83197
27641334	ACC	-0.3065338	4.4638824	8.9086
27641344	ACC	-0.268219	4.4638824	8.946915
27641354	ACC	-0.21073914	4.4638824	8.96608
27641364	ACC	-0.17242432	4.4447174	8.985245
27641374	ACC	-0.1341095	4.4447174	8.96608
27641383	ACC	-0.1341095	4.4830475	8.927765
27641393	ACC	-0.1341095	4.540512	8.851135
27641403	ACC	-0.1341095	4.559677	8.697861
27641413	ACC	-0.1341095	4.597992	8.602066
27641423	ACC	-0.19158936	4.6171417	8.506287
27641433	ACC	-0.24905396	4.655472	8.467972
27641442	ACC	-0.28736877	4.6937866	8.506287
27641452	ACC	-0.24905396	4.6746216	8.525436
27641462	ACC	-0.22990417	4.655472	8.563751
27641472	ACC	-0.11494446	4.597992	8.582916
27641482	ACC	-0.09579468	4.578827	8.678711
27641492	ACC	-0.09579468	4.559677	8.697861
27641502	ACC	-0.1341095	4.5213623	8.77449
27641511	ACC	-0.15325928	4.4830475	8.851135
27641521	ACC	-0.17242432	4.5213623	8.793655
27641531	ACC	-0.15325928	4.597992	8.77449
27641541	ACC	-0.15325928	4.6171417	8.621231
27641551	ACC	-0.07662964	4.655472	8.621231
27641561	ACC	-0.09579468	4.655472	8.563751
27641570	ACC	-0.09579468	4.636307	8.506287
27641580	ACC	-0.07662964	4.655472	8.467972
27641590	ACC	-0.1341095	4.655472	8.525436
27641600	ACC	-0.19158936	4.6746216	8.659546
27641610	ACC	-0.22990417	4.655472	8.659546
27641620	ACC	-0.22990417	4.597992	8.717026
27641620	GPS	-7.832266	110.42498	109.81763
27641629	ACC	-0.17242432	4.597992	8.678711
27641639	ACC	-0.09579468	4.636307	8.659546
27641649	ACC	-0.19158936	4.6746216	8.602066
27641659	ACC	-0.17242432	4.7321014	8.621231
27641669	ACC	-0.1341095	4.7321014	8.544601
27641679	ACC	-0.09579468	4.7321014	8.525436
27641689	ACC	-0.05747986	4.6937866	8.487122
27641698	ACC	-0.03831482	4.655472	8.506287
27641708	ACC	0.0	4.6746216	8.525436
27641718	ACC	-0.05747986	4.6937866	8.602066
27641728	ACC	-0.11494446	4.6937866	8.697861
27641738	ACC	-0.17242432	4.6746216	8.755341
27641748	ACC	-0.22990417	4.655472	8.793655
27641757	ACC	-0.17242432	4.655472	8.793655
27641767	ACC	-0.11494446	4.6171417	8.81282
27641777	ACC	-0.07662964	4.597992	8.88945
27641787	ACC	-0.07662964	4.5213623	8.88945
27641797	ACC	-0.07662964	4.5021973	8.851135
27641807	ACC	-0.05747986	4.559677	8.81282
27641817	ACC	-0.07662964	4.578827	8.755341
27641826	ACC	-0.07662964	4.578827	8.659546
27641836	ACC	-0.15325928	4.578827	8.621231
27641846	ACC	-0.21073914	4.655472	8.697861
27641856	ACC	-0.268219	4.7321014	8.621231
27641866	ACC	-0.28736877	4.7704163	8.506287
27641876	ACC	-0.268219	4.751251	8.372177
27641886	ACC	-0.268219	4.789566	8.238068
27641895	ACC	-0.28736877	4.789566	8.238068
27641905	ACC	-0.24905396	4.7704163	8.218903
27641915	ACC	-0.15325928	4.7129364	8.276382
27641925	ACC	-0.22990417	4.559677	8.563751
27641935	ACC	-0.19158936	4.578827	8.678711
27641945	ACC	-0.19158936	4.7129364	8.697861
27641954	ACC	-0.15325928	4.7321014	8.717026
27641964	ACC	-0.03831482	4.6171417	8.659546
27641974	ACC	0.019165039	4.5021973	8.602066
27641984	ACC	0.03831482	4.5021973	8.640396
27641994	ACC	0.03831482	4.4830475	8.659546
27642004	ACC	0.09579468	4.1956635	8.985245
27642014	ACC	-0.03831482	4.1956635	9.042709
27642023	ACC	-0.47895813	4.348938	9.349243
27642033	ACC	-0.6705475	4.636307	9.368408
