28384393	ACC	0.15325928	4.387253	8.88945
28384403	ACC	0.09579468	4.368088	8.946915
28384413	ACC	0.17242432	4.368088	8.870285
28384423	ACC	0.19158936	4.387253	8.755341
28384432	ACC	0.19158936	4.348938	8.83197
28384442	ACC	0.17242432	4.4064026	8.77449
28384452	ACC	0.21073914	4.387253	8.717026
28384462	ACC	0.19158936	4.4447174	8.736176
28384472	ACC	0.268219	4.4255676	8.717026
28384482	ACC	0.22990417	4.4447174	8.736176
28384492	ACC	0.22990417	4.4255676	8.697861
28384501	ACC	0.3065338	4.4255676	8.697861
28384511	ACC	0.3256836	4.348938	8.717026
28384521	ACC	0.34484863	4.348938	8.77449
28384531	ACC	0.3065338	4.329773	8.851135
28384541	ACC	0.24905396	4.310623	8.851135
28384551	ACC	0.3065338	4.368088	8.851135
28384561	ACC	0.28736877	4.348938	8.81282
28384570	ACC	0.3065338	4.387253	8.755341
28384580	ACC	0.3256836	4.368088	8.77449
28384590	ACC	0.3256836	4.329773	8.793655
28384600	ACC	0.3256836	4.348938	8.83197
28384610	ACC	0.3256836	4.348938	8.77449
28384620	ACC	0.3065338	4.329773	8.88945
28384630	ACC	0.3256836	4.291458	8.88945
28384639	ACC	0.268219	4.310623	8.83197
28384649	ACC	0.24905396	4.272293	8.927765
28384659	ACC	0.22990417	4.272293	8.96608
28384669	ACC	0.21073914	4.368088	8.81282
28384679	ACC	0.24905396	4.368088	8.83197
28384689	ACC	0.22990417	4.4064026	8.83197
28384699	ACC	0.24905396	4.4064026	8.755341
28384708	ACC	0.268219	4.387253	8.851135
28384718	ACC	0.28736877	4.348938	8.9086
28384728	ACC	0.268219	4.329773	8.851135
28384738	ACC	0.28736877	4.310623	8.851135
28384748	ACC	0.24905396	4.272293	8.927765
28384758	ACC	0.24905396	4.291458	8.88945
28384768	ACC	0.22990417	4.310623	8.96608
28384777	ACC	0.24905396	4.329773	9.02356
28384787	ACC	0.3256836	4.329773	8.946915
28384797	ACC	0.34484863	4.329773	8.88945
28384807	ACC	0.36401367	4.310623	8.870285
28384817	ACC	0.3256836	4.348938	8.83197
28384827	ACC	0.28736877	4.387253	8.717026
28384837	ACC	0.24905396	4.4064026	8.621231
28384846	ACC	0.21073914	4.4064026	8.621231
28384856	ACC	0.1341095	4.348938	8.678711
28384866	ACC	0.1341095	4.387253	8.736176
28384876	ACC	0.11494446	4.4064026	8.717026
28384886	ACC	0.1341095	4.368088	8.736176
28384896	ACC	0.15325928	4.329773	8.736176
28384906	ACC	0.17242432	4.329773	8.81282
28384915	ACC	0.17242432	4.329773	8.9086
28384925	ACC	0.19158936	4.329773	8.851135
28384935	ACC	0.17242432	4.291458	8.88945
28384945	ACC	0.17242432	4.310623	8.870285
28384955	ACC	0.17242432	4.310623	8.88945
28384965	ACC	0.15325928	4.310623	8.870285
28384975	ACC	0.15325928	4.348938	8.851135
28384984	ACC	0.1341095	4.291458	8.927765
28384994	ACC	0.11494446	4.272293	8.9086
28385004	ACC	0.09579468	4.310623	8.9086
28385014	ACC	0.07662964	4.329773	8.870285
28385024	ACC	0.11494446	4.368088	8.851135
28385034	ACC	0.15325928	4.291458	8.88945
28385044	ACC	0.22990417	4.329773	8.83197
28385054	ACC	0.21073914	4.310623	8.81282
28385063	ACC	0.19158936	4.329773	8.793655
28385073	ACC	0.22990417	4.348938	8.77449
28385083	ACC	0.22990417	4.329773	8.793655
28385093	ACC	0.15325928	4.329773	8.793655
28385103	ACC	0.21073914	4.348938	8.717026
28385113	ACC	0.17242432	4.272293	8.77449
28385123	ACC	0.15325928	4.310623	8.793655
28385132	ACC	0.11494446	4.329773	8.755341
28385142	ACC	0.1341095	4.310623	8.77449
28385152	ACC	0.17242432	4.291458	8.83197
28385162	ACC	0.19158936	4.2531433	8.851135
1585039721002	RSSWIFI	bc:8a:e8:53:22:99	MiFi S1-2298	2432	-72
1585039721002	RSSWIFI	90:61:0c:20:d1:c0	HT_AP0	2417	-82
1585039721002	RSSWIFI	24:d3:f2:c9:87:6d	BismillahV60	2452	-84
28385172	ACC	0.21073914	4.272293	8.88945
28385182	ACC	0.22990417	4.310623	8.870285
28385192	ACC	0.22990417	4.2531433	8.83197
28385201	ACC	0.19158936	4.2531433	8.793655
28385211	ACC	0.19158936	4.272293	8.77449
28385221	ACC	0.15325928	4.272293	8.851135
28385231	ACC	0.15325928	4.291458	8.793655
28385241	ACC	0.19158936	4.272293	8.83197
28385251	ACC	0.22990417	4.329773	8.77449
28385261	ACC	0.268219	4.310623	8.793655
28385270	ACC	0.268219	4.272293	8.83197
28385280	ACC	0.3256836	4.2531433	8.81282
28385290	ACC	0.3065338	4.2531433	8.83197
28385300	ACC	0.28736877	4.310623	8.81282
28385310	ACC	0.22990417	4.348938	8.77449
28385320	ACC	0.21073914	4.368088	8.717026
28385330	ACC	0.19158936	4.4255676	8.640396
28385339	ACC	0.19158936	4.4064026	8.678711
28385349	ACC	0.19158936	4.4064026	8.697861
28385359	ACC	0.21073914	4.348938	8.736176
28385369	ACC	0.21073914	4.291458	8.9086
28385379	ACC	0.24905396	4.310623	8.946915
28385389	ACC	0.24905396	4.291458	8.81282
28385399	ACC	0.28736877	4.272293	8.946915
28385408	ACC	0.28736877	4.272293	8.946915
28385418	ACC	0.268219	4.291458	8.946915
28385428	ACC	0.268219	4.291458	8.985245
28385438	ACC	0.3065338	4.348938	8.985245
28385448	ACC	0.3065338	4.368088	8.870285
28385458	ACC	0.268219	4.387253	8.83197
28385468	ACC	0.28736877	4.348938	8.755341
28385477	ACC	0.24905396	4.348938	8.697861
28385487	ACC	0.17242432	4.348938	8.736176
28385497	ACC	0.21073914	4.310623	8.83197
28385507	ACC	0.19158936	4.310623	8.870285
28385517	ACC	0.21073914	4.348938	8.88945
28385527	ACC	0.15325928	4.310623	8.88945
28385537	ACC	0.17242432	4.310623	8.793655
28385546	ACC	0.21073914	4.348938	8.736176
28385556	ACC	0.268219	4.368088	8.640396
28385566	ACC	0.22990417	4.368088	8.621231
28385576	ACC	0.21073914	4.329773	8.717026
28385586	ACC	0.19158936	4.329773	8.77449
28385596	ACC	0.17242432	4.310623	8.793655
28385606	ACC	0.15325928	4.310623	8.755341
28385615	ACC	0.17242432	4.310623	8.77449
28385625	ACC	0.15325928	4.272293	8.83197
28385635	ACC	0.19158936	4.291458	8.851135
28385645	ACC	0.22990417	4.348938	8.88945
28385655	ACC	0.22990417	4.310623	8.88945
28385665	ACC	0.268219	4.368088	8.83197
28385675	ACC	0.24905396	4.368088	8.717026
28385684	ACC	0.22990417	4.387253	8.697861
28385694	ACC	0.22990417	4.4064026	8.717026
28385704	ACC	0.22990417	4.4064026	8.678711
28385714	ACC	0.268219	4.387253	8.678711
28385724	ACC	0.268219	4.4064026	8.717026
28385734	ACC	0.28736877	4.368088	8.678711
28385744	ACC	0.28736877	4.368088	8.678711
28385753	ACC	0.3065338	4.387253	8.678711
28385763	ACC	0.268219	4.4064026	8.736176
28385773	ACC	0.22990417	4.387253	8.793655
28385783	ACC	0.24905396	4.4447174	8.77449
28385793	ACC	0.22990417	4.4447174	8.77449
28385803	ACC	0.22990417	4.4064026	8.755341
28385813	ACC	0.268219	4.368088	8.717026
28385822	ACC	0.22990417	4.348938	8.678711
28385832	ACC	0.19158936	4.4064026	8.717026
28385842	ACC	0.1341095	4.387253	8.793655
28385852	ACC	0.1341095	4.4255676	8.81282
28385862	ACC	0.17242432	4.348938	8.81282
28385872	ACC	0.17242432	4.348938	8.77449
28385882	ACC	0.19158936	4.368088	8.77449
28385891	ACC	0.17242432	4.368088	8.77449
28385901	ACC	0.22990417	4.348938	8.9086
28385911	ACC	0.21073914	4.291458	8.9086
28385921	ACC	0.19158936	4.272293	8.88945
28385931	ACC	0.19158936	4.272293	8.927765
28385941	ACC	0.19158936	4.310623	8.851135
28385951	ACC	0.15325928	4.291458	8.81282
28385960	ACC	0.1341095	4.329773	8.83197
1585039721809	RSSWIFI	bc:8a:e8:53:22:99	MiFi S1-2298	2432	-70
1585039721809	RSSWIFI	90:61:0c:20:d1:c0	HT_AP0	2417	-82
1585039721809	RSSWIFI	24:d3:f2:c9:87:6d	BismillahV60	2452	-86
28385970	ACC	0.17242432	4.368088	8.793655
28385980	ACC	0.17242432	4.4255676	8.717026
28385990	ACC	0.1341095	4.4255676	8.621231
28386000	ACC	0.17242432	4.4447174	8.717026
28386010	ACC	0.15325928	4.387253	8.77449
28386020	ACC	0.15325928	4.291458	8.83197
28386030	ACC	0.17242432	4.2339783	8.88945
28386039	ACC	0.17242432	4.272293	8.851135
28386049	ACC	0.1341095	4.272293	8.851135
28386059	ACC	0.11494446	4.2531433	8.81282
28386069	ACC	0.11494446	4.329773	8.77449
28386079	ACC	0.1341095	4.368088	8.793655
28386089	ACC	0.19158936	4.4255676	8.851135
28386099	ACC	0.28736877	4.348938	8.83197
28386108	ACC	0.22990417	4.368088	8.697861
28386118	ACC	0.24905396	4.387253	8.678711
28386128	ACC	0.22990417	4.4447174	8.640396
28386138	ACC	0.22990417	4.4255676	8.717026
28386148	ACC	0.19158936	4.368088	8.77449
28386158	ACC	0.19158936	4.348938	8.81282
28386168	ACC	0.17242432	4.4064026	8.81282
28386177	ACC	0.17242432	4.4064026	8.793655
28386187	ACC	0.21073914	4.387253	8.697861
28386197	ACC	0.28736877	4.4064026	8.697861
28386207	ACC	0.24905396	4.4064026	8.755341
28386217	ACC	0.3065338	4.4447174	8.736176
28386227	ACC	0.268219	4.4255676	8.717026
28386237	ACC	0.22990417	4.368088	8.736176
28386246	ACC	0.21073914	4.329773	8.755341
28386256	ACC	0.17242432	4.310623	8.736176
28386266	ACC	0.11494446	4.310623	8.77449
28386276	ACC	0.15325928	4.291458	8.793655
28386286	ACC	0.17242432	4.310623	8.77449
28386296	ACC	0.1341095	4.329773	8.851135
28386306	ACC	0.17242432	4.310623	8.83197
28386315	ACC	0.17242432	4.310623	8.736176
28386325	ACC	0.17242432	4.291458	8.793655
28386335	ACC	0.15325928	4.329773	8.717026
28386345	ACC	0.19158936	4.329773	8.736176
28386355	ACC	0.19158936	4.368088	8.678711
28386365	ACC	0.19158936	4.368088	8.736176
28386375	ACC	0.17242432	4.329773	8.717026
28386384	ACC	0.19158936	4.348938	8.717026
28386394	ACC	0.19158936	4.387253	8.717026
28386404	ACC	0.19158936	4.387253	8.77449
28386414	ACC	0.21073914	4.387253	8.697861
28386424	ACC	0.21073914	4.368088	8.736176
28386434	ACC	0.19158936	4.368088	8.83197
28386444	ACC	0.19158936	4.387253	8.81282
28386453	ACC	0.19158936	4.387253	8.81282
28386463	ACC	0.19158936	4.387253	8.77449
28386473	ACC	0.21073914	4.387253	8.77449
28386483	ACC	0.17242432	4.387253	8.755341
28386493	ACC	0.17242432	4.4064026	8.83197
28386503	ACC	0.17242432	4.348938	8.83197
28386513	ACC	0.17242432	4.387253	8.851135
28386522	ACC	0.15325928	4.329773	8.870285
28386532	ACC	0.09579468	4.329773	8.851135
28386542	ACC	0.11494446	4.329773	8.870285
28386552	ACC	0.11494446	4.348938	8.851135
28386562	ACC	0.1341095	4.329773	8.870285
28386572	ACC	0.21073914	4.348938	8.83197
28386582	ACC	0.21073914	4.368088	8.81282
28386592	ACC	0.21073914	4.310623	8.755341
28386601	ACC	0.15325928	4.348938	8.678711
28386611	ACC	0.11494446	4.4064026	8.678711
28386621	ACC	0.07662964	4.4447174	8.717026
28386631	ACC	0.05747986	4.4447174	8.736176
28386641	ACC	0.1341095	4.387253	8.83197
28386651	ACC	0.17242432	4.348938	8.793655
28386661	ACC	0.19158936	4.291458	8.793655
28386670	ACC	0.15325928	4.2531433	8.81282
28386680	ACC	0.11494446	4.2531433	8.81282
28386690	ACC	0.07662964	4.272293	8.9086
28386700	ACC	0.03831482	4.329773	9.02356
28386710	ACC	0.09579468	4.291458	9.004395
28386720	ACC	0.1341095	4.310623	8.985245
28386729	ACC	0.17242432	4.348938	8.88945
28386739	ACC	0.17242432	4.329773	8.793655
1585039722582	RSSWIFI	bc:8a:e8:53:22:99	MiFi S1-2298	2432	-70
1585039722582	RSSWIFI	90:61:0c:20:d1:c0	HT_AP0	2417	-82
1585039722582	RSSWIFI	24:d3:f2:c9:87:6d	BismillahV60	2452	-84
28386749	ACC	0.19158936	4.387253	8.717026
28386759	ACC	0.19158936	4.4064026	8.621231
28386769	ACC	0.21073914	4.4064026	8.640396
28386779	ACC	0.21073914	4.4638824	8.640396
28386789	ACC	0.15325928	4.4255676	8.659546
28386798	ACC	0.1341095	4.4255676	8.736176
28386808	ACC	0.09579468	4.368088	8.697861
28386818	ACC	0.03831482	4.329773	8.755341
28386828	ACC	0.03831482	4.348938	8.851135
28386838	ACC	0.03831482	4.329773	8.851135
28386848	ACC	0.09579468	4.348938	8.755341
28386858	ACC	0.11494446	4.348938	8.77449
28386868	ACC	0.1341095	4.368088	8.793655
28386877	ACC	0.15325928	4.329773	8.81282
28386887	ACC	0.11494446	4.329773	8.77449
28386897	ACC	0.11494446	4.310623	8.77449
28386907	ACC	0.09579468	4.368088	8.736176
28386917	ACC	0.11494446	4.348938	8.77449
28386927	ACC	0.09579468	4.329773	8.77449
28386937	ACC	0.09579468	4.2531433	8.77449
28386946	ACC	0.05747986	4.310623	8.77449
28386956	ACC	0.019165039	4.272293	8.793655
28386966	ACC	0.03831482	4.272293	8.870285
28386976	ACC	0.09579468	4.329773	8.77449
28386986	ACC	0.19158936	4.368088	8.659546
28386996	ACC	0.22990417	4.387253	8.563751
28387006	ACC	0.24905396	4.4064026	8.506287
28387015	ACC	0.17242432	4.4638824	8.391327
28387025	ACC	0.05747986	4.4447174	8.391327
28387035	ACC	-0.019165039	4.5213623	8.467972
28387045	ACC	-0.11494446	4.5213623	8.506287
28387055	ACC	-0.22990417	4.4830475	8.640396
28387065	ACC	-0.22990417	4.4830475	8.717026
28387075	ACC	-0.17242432	4.4255676	8.793655
28387084	ACC	-0.11494446	4.387253	8.851135
28387094	ACC	0.03831482	4.348938	8.870285
28387104	ACC	0.19158936	4.310623	8.9086
28387114	ACC	0.268219	4.329773	8.946915
28387124	ACC	0.3065338	4.348938	9.042709
28387134	ACC	0.3065338	4.291458	9.061874
28387144	ACC	0.3065338	4.310623	9.004395
28387153	ACC	0.21073914	4.291458	9.138504
28387163	ACC	0.19158936	4.387253	9.042709
28387173	ACC	0.19158936	4.387253	9.061874
28387183	ACC	0.268219	4.4064026	8.985245
28387193	ACC	0.38316345	4.4064026	8.9086
28387203	ACC	0.38316345	4.4064026	8.83197
28387213	ACC	0.42147827	4.4064026	8.851135
28387222	ACC	0.47895813	4.4638824	8.81282
28387232	ACC	0.51727295	4.4830475	8.83197
28387242	ACC	0.5747528	4.5021973	8.793655
28387252	ACC	0.5939026	4.540512	8.736176
28387262	ACC	0.5747528	4.540512	8.736176
28387272	ACC	0.55558777	4.6171417	8.736176
28387282	ACC	0.51727295	4.655472	8.697861
28387291	ACC	0.536438	4.655472	8.736176
28387301	ACC	0.55558777	4.6171417	8.755341
28387311	ACC	0.68969727	4.6171417	8.77449
28387321	ACC	0.7471771	4.578827	8.83197
28387331	ACC	0.7663269	4.540512	8.793655
28387341	ACC	0.7471771	4.5213623	8.83197
28387351	ACC	0.7471771	4.5213623	8.870285
28387361	ACC	0.7471771	4.5213623	8.851135
28387370	ACC	0.7088623	4.5021973	8.9086
28387380	ACC	0.7471771	4.5021973	8.9086
28387390	ACC	0.7471771	4.540512	8.81282
28387400	ACC	0.7471771	4.597992	8.621231
28387410	ACC	0.78549194	4.578827	8.506287
28387420	ACC	0.7663269	4.6171417	8.506287
28387430	ACC	0.7280121	4.655472	8.448807
28387439	ACC	0.68969727	4.655472	8.467972
28387449	ACC	0.65138245	4.636307	8.487122
28387459	ACC	0.65138245	4.6171417	8.429642
28387469	ACC	0.55558777	4.578827	8.353012
28387479	ACC	0.49812317	4.6171417	8.429642
1585039723327	RSSWIFI	bc:8a:e8:53:22:99	MiFi S1-2298	2432	-70
1585039723327	RSSWIFI	90:61:0c:20:d1:c0	HT_AP0	2417	-82
1585039723327	RSSWIFI	24:d3:f2:c9:87:6d	BismillahV60	2452	-84
28387489	ACC	0.38316345	4.6171417	8.467972
28387499	ACC	0.3256836	4.655472	8.506287
28387508	ACC	0.28736877	4.636307	8.448807
28387518	ACC	0.28736877	4.6746216	8.506287
28387528	ACC	0.22990417	4.7129364	8.467972
28387538	ACC	0.24905396	4.7321014	8.525436
28387548	ACC	0.22990417	4.7704163	8.448807
28387558	ACC	0.3065338	4.6746216	8.448807
28387568	ACC	0.6322174	4.559677	8.372177
28387577	ACC	0.4597931	4.827896	8.391327
28387587	ACC	0.15325928	4.9811554	8.755341
28387597	ACC	0.268219	4.7704163	8.717026
28387607	ACC	0.34484863	4.597992	8.621231
28387617	ACC	0.38316345	4.6937866	8.640396
28387627	ACC	0.34484863	4.751251	8.755341
28387637	ACC	0.3256836	4.789566	8.717026
28387646	ACC	0.3065338	4.789566	8.659546
28387656	ACC	0.3065338	4.808731	8.602066
28387666	ACC	0.38316345	4.827896	8.621231
28387676	ACC	0.36401367	4.827896	8.525436
28387686	ACC	0.38316345	4.866211	8.602066
28387696	ACC	0.38316345	4.847046	8.525436
28387706	ACC	0.24905396	4.7704163	8.353012
28387715	ACC	0.07662964	4.827896	8.487122
28387725	ACC	-0.019165039	4.827896	8.544601
28387735	ACC	0.09579468	4.827896	8.525436
28387745	ACC	0.19158936	4.7704163	8.448807
28387755	ACC	0.22990417	4.6937866	8.429642
28387765	ACC	0.24905396	4.7321014	8.429642
28387775	ACC	0.24905396	4.827896	8.506287
28387784	ACC	0.24905396	4.808731	8.602066
28387794	ACC	0.28736877	4.6746216	8.736176
28387804	ACC	0.3065338	4.597992	8.83197
28387814	ACC	0.24905396	4.6171417	8.81282
28387824	ACC	0.22990417	4.655472	8.793655
28387834	ACC	0.28736877	4.6937866	8.81282
28387844	ACC	0.4023285	4.751251	8.697861
28387853	ACC	0.38316345	4.808731	8.563751
28387863	ACC	0.38316345	4.9045258	8.77449
28387873	ACC	0.42147827	4.9811554	8.96608
28387883	ACC	0.42147827	5.057785	8.755341
28387893	ACC	0.34484863	5.1344147	8.429642
28387903	ACC	0.05747986	5.1535797	8.218903
28387913	ACC	-0.1341095	5.1727448	8.218903
28387922	ACC	-0.19158936	5.07695	8.410492
28387932	ACC	-0.22990417	4.9236755	8.563751
28387942	ACC	-0.17242432	4.847046	8.602066
28387952	ACC	-0.11494446	4.7321014	8.755341
28387962	ACC	-0.019165039	4.751251	8.81282
28387972	ACC	0.1341095	4.6937866	8.793655
28387982	ACC	0.07662964	4.7129364	8.83197
28387991	ACC	0.0	4.7129364	8.81282
28388001	ACC	-0.05747986	4.7321014	8.678711
28388011	ACC	-0.11494446	4.751251	8.525436
28388021	ACC	-0.1341095	4.7321014	8.410492
28388031	ACC	-0.21073914	4.789566	8.333862
28388041	ACC	-0.268219	4.808731	8.218903
28388051	ACC	-0.28736877	4.789566	8.238068
28388061	ACC	-0.15325928	4.789566	8.333862
28388070	ACC	-0.07662964	4.751251	8.448807
28388080	ACC	0.05747986	4.751251	8.506287
28388090	ACC	0.1341095	4.751251	8.563751
28388100	ACC	0.1341095	4.7321014	8.678711
28388110	ACC	0.15325928	4.7321014	8.621231
28388120	ACC	0.1341095	4.808731	8.582916
28388130	ACC	0.17242432	4.789566	8.582916
28388139	ACC	0.22990417	4.808731	8.525436
28388149	ACC	0.22990417	4.847046	8.410492
28388159	ACC	0.21073914	4.9045258	8.391327
28388169	ACC	0.19158936	4.9619904	8.314697
28388179	ACC	0.17242432	5.01947	8.353012
28388189	ACC	0.17242432	5.0003204	8.372177
28388199	ACC	0.1341095	4.9619904	8.467972
28388208	ACC	0.09579468	4.9428406	8.563751
28388218	ACC	0.15325928	4.9045258	8.602066
28388228	ACC	0.1341095	4.847046	8.544601
28388238	ACC	0.17242432	4.808731	8.544601
28388248	ACC	0.19158936	4.847046	8.544601
28388258	ACC	0.21073914	4.847046	8.563751
28388268	ACC	0.24905396	4.847046	8.525436
28388277	ACC	0.3065338	4.827896	8.525436
28388287	ACC	0.3065338	4.8853607	8.582916
28388297	ACC	0.22990417	4.8853607	8.582916
28388307	ACC	0.24905396	4.9236755	8.640396
28388317	ACC	0.24905396	4.9236755	8.582916
28388327	ACC	0.22990417	4.847046	8.602066
28388337	ACC	0.19158936	4.7704163	8.563751
28388346	ACC	0.19158936	4.808731	8.640396
28388356	ACC	0.19158936	4.751251	8.659546
28388366	ACC	0.17242432	4.789566	8.697861
28388376	ACC	0.1341095	4.827896	8.697861
28388386	ACC	0.17242432	4.751251	8.678711
28388396	ACC	0.19158936	4.751251	8.697861
28388406	ACC	0.21073914	4.7321014	8.563751
28388415	ACC	0.19158936	4.6937866	8.582916
28388425	ACC	0.21073914	4.751251	8.544601
28388435	ACC	0.21073914	4.751251	8.582916
28388445	ACC	0.19158936	4.7321014	8.525436
28388455	ACC	0.15325928	4.7129364	8.487122
28388465	ACC	0.15325928	4.7321014	8.429642
28388475	ACC	0.21073914	4.751251	8.410492
28388485	ACC	0.268219	4.7704163	8.448807
28388494	ACC	0.22990417	4.751251	8.525436
28388504	ACC	0.268219	4.751251	8.582916
28388514	ACC	0.24905396	4.789566	8.621231
28388524	ACC	0.1341095	4.751251	8.659546
28388534	ACC	0.1341095	4.6746216	8.736176
28388544	ACC	0.17242432	4.6937866	8.640396
28388554	ACC	0.1341095	4.655472	8.697861
28388563	ACC	0.17242432	4.655472	8.697861
28388573	ACC	0.17242432	4.655472	8.621231
28388583	ACC	0.11494446	4.636307	8.621231
28388593	ACC	0.11494446	4.597992	8.582916
28388603	ACC	0.07662964	4.636307	8.448807
28388613	ACC	0.07662964	4.6746216	8.487122
28388613	GPS	-7.8322506	110.42503	104.398865
28388623	ACC	0.03831482	4.7129364	8.487122
28388632	ACC	0.05747986	4.6937866	8.506287
28388642	ACC	0.11494446	4.636307	8.659546
28388652	ACC	0.1341095	4.597992	8.77449
28388662	ACC	0.15325928	4.5213623	8.77449
28388672	ACC	0.1341095	4.5021973	8.755341
28388682	ACC	0.17242432	4.540512	8.640396
28388692	ACC	0.15325928	4.597992	8.506287
28388702	ACC	0.1341095	4.655472	8.391327
28388711	ACC	0.11494446	4.655472	8.506287
28388721	ACC	0.1341095	4.6746216	8.621231
28388731	ACC	0.17242432	4.6171417	8.77449
28388741	ACC	0.22990417	4.597992	9.004395
28388751	ACC	0.22990417	4.5213623	9.081024
28388761	ACC	0.268219	4.4638824	9.02356
28388771	ACC	0.28736877	4.4638824	8.927765
28388780	ACC	0.268219	4.5213623	8.81282
28388790	ACC	0.28736877	4.540512	8.793655
28388800	ACC	0.19158936	4.578827	8.717026
28388810	ACC	0.17242432	4.559677	8.640396
28388820	ACC	0.15325928	4.559677	8.525436
28388830	ACC	0.11494446	4.540512	8.544601
28388840	ACC	0.05747986	4.4638824	8.621231
28388849	ACC	0.03831482	4.5021973	8.81282
28388859	ACC	0.03831482	4.540512	9.004395
28388869	ACC	0.03831482	4.387253	9.081024
28388879	ACC	0.0	4.2339783	9.081024
28388889	ACC	0.019165039	4.2339783	9.042709
28388899	ACC	0.0	4.2531433	8.946915
28388909	ACC	0.019165039	4.310623	8.77449
28388918	ACC	0.07662964	4.387253	8.602066
28388928	ACC	0.09579468	4.4064026	8.525436
28388938	ACC	0.1341095	4.4447174	8.448807
28388948	ACC	0.1341095	4.4638824	8.506287
28388958	ACC	0.07662964	4.4064026	8.659546
28388968	ACC	0.03831482	4.348938	8.83197
28388978	ACC	-0.019165039	4.2531433	8.927765
28388988	ACC	-0.03831482	4.2339783	9.004395
28388997	ACC	-0.019165039	4.2148285	9.02356
28389007	ACC	0.019165039	4.1573486	9.02356
28389017	ACC	0.03831482	4.1956635	9.004395
28389027	ACC	0.09579468	4.1956635	8.851135
28389037	ACC	0.07662964	4.291458	8.659546
28389047	ACC	0.0	4.310623	8.448807
28389057	ACC	0.019165039	4.348938	8.372177
28389066	ACC	-0.019165039	4.291458	8.429642
28389076	ACC	0.0	4.291458	8.736176
28389086	ACC	0.0	4.2339783	8.851135
28389096	ACC	0.0	4.119034	9.100189
28389106	ACC	0.03831482	4.1381836	9.195984
28389116	ACC	0.019165039	4.042404	9.215134
28389126	ACC	0.03831482	4.119034	9.157669
28389135	ACC	0.019165039	4.1381836	8.985245
28389145	ACC	-0.019165039	4.1381836	8.985245
28389155	ACC	-0.019165039	4.1573486	9.004395
28389165	ACC	-0.03831482	4.1381836	8.9086
28389175	ACC	-0.03831482	4.119034	8.870285
28389185	ACC	-0.019165039	4.119034	8.870285
28389195	ACC	0.0	4.080719	8.870285
28389204	ACC	0.019165039	4.119034	8.946915
28389214	ACC	0.0	4.119034	9.004395
28389224	ACC	0.05747986	4.1573486	9.02356
28389234	ACC	0.05747986	4.1956635	8.985245
28389244	ACC	0.05747986	4.119034	9.004395
28389254	ACC	-0.019165039	4.080719	8.96608
28389264	ACC	-0.019165039	4.080719	8.946915
28389273	ACC	0.019165039	4.1573486	8.96608
28389283	ACC	0.07662964	4.2148285	8.9086
28389293	ACC	0.09579468	4.310623	8.83197
28389303	ACC	0.1341095	4.291458	8.736176
28389313	ACC	0.05747986	4.2339783	8.755341
28389323	ACC	0.03831482	4.2148285	8.851135
28389333	ACC	0.07662964	4.1573486	8.946915
28389342	ACC	0.03831482	4.099869	8.96608
28389352	ACC	0.05747986	4.099869	8.946915
28389362	ACC	0.05747986	4.1573486	8.870285
28389372	ACC	0.03831482	4.1381836	8.851135
28389382	ACC	0.09579468	4.2148285	8.851135
28389392	ACC	0.07662964	4.2531433	8.870285
28389402	ACC	0.11494446	4.310623	8.870285
28389411	ACC	0.1341095	4.2531433	8.9086
28389421	ACC	0.15325928	4.2531433	8.870285
28389431	ACC	0.17242432	4.2148285	8.83197
28389441	ACC	0.15325928	4.2339783	8.851135
28389451	ACC	0.09579468	4.2531433	8.946915
28389461	ACC	0.11494446	4.2531433	8.927765
28389471	ACC	0.09579468	4.1765137	8.851135
28389480	ACC	0.1341095	4.1765137	8.793655
28389490	ACC	0.15325928	4.1956635	8.678711
28389500	ACC	0.1341095	4.291458	8.678711
28389510	ACC	0.07662964	4.368088	8.640396
28389520	ACC	0.03831482	4.387253	8.678711
28389530	ACC	0.05747986	4.310623	8.77449
28389540	ACC	0.03831482	4.2531433	8.851135
28389549	ACC	0.15325928	4.1381836	8.88945
28389559	ACC	0.268219	4.023239	9.100189
28389569	ACC	0.15325928	4.1573486	9.138504
28389579	ACC	0.07662964	4.2531433	9.100189
28389589	ACC	0.09579468	4.310623	9.004395
28389599	ACC	0.15325928	4.2339783	8.927765
28389609	ACC	0.15325928	4.1956635	8.793655
28389619	ACC	0.11494446	4.272293	8.736176
28389628	ACC	0.05747986	4.291458	8.640396
28389638	ACC	0.019165039	4.387253	8.659546
28389638	GPS	-7.832282	110.42505	109.78107
28389648	ACC	0.019165039	4.387253	8.602066
28389658	ACC	0.0	4.329773	8.640396
28389668	ACC	0.07662964	4.272293	8.77449
28389678	ACC	0.1341095	4.272293	8.77449
28389688	ACC	0.15325928	4.291458	8.717026
28389697	ACC	0.1341095	4.329773	8.736176
28389707	ACC	0.11494446	4.310623	8.81282
28389717	ACC	0.1341095	4.329773	8.870285
28389727	ACC	0.09579468	4.2531433	8.851135
28389737	ACC	0.07662964	4.2339783	8.81282
28389747	ACC	0.03831482	4.272293	8.77449
28389757	ACC	0.019165039	4.291458	8.793655
28389766	ACC	0.0	4.310623	8.793655
28389776	ACC	0.0	4.329773	8.77449
28389786	ACC	0.019165039	4.310623	8.736176
28389796	ACC	0.0	4.291458	8.678711
28389806	ACC	0.03831482	4.291458	8.640396
28389816	ACC	0.03831482	4.291458	8.640396
28389826	ACC	0.019165039	4.291458	8.640396
28389835	ACC	0.03831482	4.291458	8.77449
28389845	ACC	0.05747986	4.2531433	8.851135
28389855	ACC	0.07662964	4.2339783	8.927765
28389865	ACC	0.019165039	4.1765137	8.985245
28389875	ACC	0.0	4.2148285	8.927765
28389885	ACC	-0.05747986	4.1956635	8.946915
28389895	ACC	-0.07662964	4.1573486	9.02356
28389904	ACC	-0.019165039	4.1765137	8.88945
28389914	ACC	0.0	4.2148285	8.946915
28389924	ACC	-0.03831482	4.1956635	8.88945
28389934	ACC	-0.019165039	4.1765137	8.793655
28389944	ACC	-0.05747986	4.1956635	8.659546
28389954	ACC	-0.05747986	4.2339783	8.659546
28389963	ACC	-0.05747986	4.272293	8.736176
28389973	ACC	-0.019165039	4.310623	8.88945
28389983	ACC	0.0	4.291458	8.96608
28389993	ACC	0.09579468	4.1956635	9.02356
28390003	ACC	0.11494446	4.119034	9.061874
28390013	ACC	0.11494446	4.119034	8.927765
28390023	ACC	0.03831482	4.1381836	9.081024
28390033	ACC	-0.019165039	4.119034	9.138504
28390042	ACC	-0.019165039	4.1381836	9.195984
28390052	ACC	0.019165039	4.119034	9.138504
28390062	ACC	0.07662964	4.119034	9.02356
28390072	ACC	0.15325928	4.2148285	8.736176
28390082	ACC	0.34484863	4.272293	8.697861
28390092	ACC	0.5939026	4.310623	8.621231
28390102	ACC	0.5747528	4.4830475	8.697861
28390111	ACC	0.36401367	4.5213623	8.9086
28390121	ACC	0.19158936	4.348938	8.96608
28390131	ACC	0.22990417	4.1956635	8.927765
28390141	ACC	0.21073914	4.061554	8.985245
28390151	ACC	-0.03831482	4.080719	9.004395
28390161	ACC	-0.22990417	4.119034	8.946915
28390171	ACC	-0.28736877	4.080719	8.81282
28390180	ACC	-0.3065338	4.1381836	8.640396
28390190	ACC	-0.28736877	4.1381836	8.659546
28390200	ACC	-0.21073914	4.119034	8.659546
28390210	ACC	-0.15325928	4.099869	8.81282
28390220	ACC	-0.09579468	4.1381836	8.870285
28390230	ACC	-0.07662964	4.1381836	8.83197
28390240	ACC	0.0	4.1573486	8.88945
28390249	ACC	0.019165039	4.1381836	9.004395
28390259	ACC	0.03831482	4.1381836	9.02356
28390269	ACC	0.03831482	4.1381836	8.985245
28390279	ACC	0.05747986	4.2148285	8.83197
28390289	ACC	0.11494446	4.291458	8.717026
28390299	ACC	0.19158936	4.387253	8.659546
28390309	ACC	0.17242432	4.4255676	8.678711
28390318	ACC	0.17242432	4.4638824	8.678711
28390328	ACC	0.24905396	4.4830475	8.697861
28390338	ACC	0.21073914	4.4255676	8.736176
28390348	ACC	0.22990417	4.329773	8.851135
28390358	ACC	0.24905396	4.291458	8.96608
28390368	ACC	0.21073914	4.2531433	9.061874
28390378	ACC	0.268219	4.2531433	9.042709
28390387	ACC	0.22990417	4.2148285	9.061874
28390397	ACC	0.17242432	4.2339783	9.042709
28390407	ACC	0.09579468	4.2531433	8.946915
28390417	ACC	0.07662964	4.272293	8.83197
28390427	ACC	0.19158936	4.2531433	8.851135
28390437	ACC	0.3065338	4.2531433	8.81282
28390447	ACC	0.3256836	4.291458	8.81282
28390457	ACC	0.24905396	4.348938	8.851135
28390466	ACC	0.1341095	4.387253	8.697861
28390476	ACC	0.07662964	4.348938	8.678711
28390486	ACC	0.05747986	4.348938	8.717026
28390496	ACC	0.05747986	4.368088	8.659546
28390506	ACC	0.0	4.348938	8.640396
28390516	ACC	-0.019165039	4.329773	8.640396
28390526	ACC	0.03831482	4.329773	8.678711
28390535	ACC	0.03831482	4.2531433	8.81282
28390545	ACC	0.24905396	4.1573486	8.314697
28390555	ACC	0.6705475	4.4064026	7.050247
28390565	ACC	0.3256836	4.578827	8.487122
28390575	ACC	0.1341095	4.348938	9.215134
28390585	ACC	0.34484863	4.023239	9.2534485
28390595	ACC	0.536438	3.9082947	8.985245
28390604	ACC	0.36401367	4.119034	9.004395
28390614	ACC	0.03831482	4.4638824	8.851135
28390624	ACC	-0.05747986	4.6746216	8.640396
28390634	ACC	-0.07662964	4.6171417	8.506287
28390634	GPS	-7.8322787	110.42506	113.83655
28390644	ACC	-0.65138245	4.5021973	9.100189
28390654	ACC	-0.4023285	4.1765137	9.674942
28390664	ACC	0.51727295	3.7741852	9.598297
28390673	ACC	0.6322174	3.8891296	9.138504
28390683	ACC	0.34484863	4.2531433	9.176819
28390693	ACC	0.019165039	4.4447174	9.330093
28390703	ACC	0.19158936	4.329773	9.5216675
28390713	ACC	0.49812317	4.099869	9.598297
28390723	ACC	0.51727295	4.0040894	9.445038
28390733	ACC	0.42147827	4.080719	9.291779
28390742	ACC	0.17242432	4.310623	9.02356
28390752	ACC	-0.09579468	4.5021973	8.621231
28390762	ACC	-0.1341095	4.559677	8.467972
28390772	ACC	0.05747986	4.4255676	8.487122
28390782	ACC	0.24905396	4.368088	8.525436
28390792	ACC	0.3065338	4.310623	8.487122
28390802	ACC	-0.03831482	4.4255676	8.563751
28390811	ACC	-0.4597931	4.5021973	8.659546
28390821	ACC	-0.8429718	4.540512	8.81282
28390831	ACC	-1.0345459	4.4447174	8.927765
28390841	ACC	-0.8621216	4.2531433	8.793655
28390851	ACC	-0.51727295	4.1765137	8.582916
28390861	ACC	-0.22990417	4.1381836	8.506287
28390871	ACC	-0.17242432	4.2339783	8.506287
28390880	ACC	-0.11494446	4.310623	8.563751
28390890	ACC	0.019165039	4.272293	8.697861
28390900	ACC	0.11494446	4.291458	8.755341
28390910	ACC	0.19158936	4.291458	8.678711
28390920	ACC	0.19158936	4.329773	8.659546
28390930	ACC	0.17242432	4.4064026	8.544601
28390940	ACC	0.11494446	4.368088	8.525436
28390950	ACC	0.1341095	4.387253	8.563751
28390959	ACC	0.17242432	4.4255676	8.678711
28390969	ACC	0.15325928	4.4064026	8.77449
28390979	ACC	0.17242432	4.4255676	8.9086
28390989	ACC	0.1341095	4.4447174	9.004395
28390999	ACC	0.15325928	4.387253	9.061874
28391009	ACC	0.17242432	4.348938	9.02356
28391019	ACC	0.21073914	4.348938	8.9086
28391028	ACC	0.21073914	4.387253	8.81282
28391038	ACC	0.17242432	4.387253	8.717026
28391048	ACC	0.17242432	4.4255676	8.697861
28391058	ACC	0.19158936	4.348938	8.755341
28391068	ACC	0.15325928	4.310623	8.851135
28391078	ACC	0.09579468	4.329773	8.927765
28391088	ACC	0.019165039	4.310623	8.927765
28391097	ACC	0.0	4.272293	8.96608
28391107	ACC	0.0	4.272293	8.88945
28391117	ACC	0.019165039	4.291458	8.83197
28391127	ACC	0.03831482	4.329773	8.77449
28391137	ACC	0.09579468	4.310623	8.77449
28391147	ACC	0.11494446	4.310623	8.755341
28391157	ACC	0.15325928	4.348938	8.77449
28391166	ACC	0.17242432	4.329773	8.851135
28391176	ACC	0.17242432	4.291458	8.81282
28391186	ACC	0.19158936	4.291458	8.793655
28391196	ACC	0.21073914	4.291458	8.793655
28391206	ACC	0.11494446	4.329773	8.83197
28391216	ACC	0.05747986	4.329773	8.9086
28391226	ACC	0.019165039	4.291458	8.946915
28391236	ACC	0.07662964	4.272293	8.927765
28391245	ACC	0.15325928	4.2531433	8.88945
28391255	ACC	0.3065338	4.291458	8.83197
28391265	ACC	0.4406433	4.348938	8.77449
28391275	ACC	0.51727295	4.4064026	8.755341
28391285	ACC	0.5747528	4.4064026	8.678711
28391295	ACC	0.51727295	4.4064026	8.563751
28391305	ACC	0.22990417	4.4638824	8.391327
28391314	ACC	-0.07662964	4.4447174	8.391327
28391324	ACC	-0.3065338	4.4638824	8.410492
28391334	ACC	-0.3256836	4.2531433	8.697861
28391344	ACC	-0.3256836	4.042404	9.061874
28391354	ACC	-0.268219	3.831665	9.291779
28391364	ACC	-0.17242432	3.7358704	9.425873
28391374	ACC	-0.15325928	3.7741852	9.349243
28391383	ACC	-0.21073914	3.8699799	9.215134
28391393	ACC	-0.24905396	3.9657593	8.946915
28391403	ACC	-0.24905396	4.0040894	8.88945
28391413	ACC	-0.22990417	4.080719	8.83197
28391423	ACC	-0.268219	4.1765137	8.755341
28391433	ACC	-0.24905396	4.1956635	8.717026
28391443	ACC	-0.21073914	4.2339783	8.736176
28391452	ACC	-0.09579468	4.1956635	8.77449
28391462	ACC	0.07662964	4.1765137	8.88945
28391472	ACC	0.17242432	4.1765137	8.927765
28391482	ACC	0.21073914	4.2339783	8.927765
28391492	ACC	0.15325928	4.2531433	8.96608
28391502	ACC	0.09579468	4.2531433	8.985245
28391512	ACC	0.019165039	4.2339783	8.985245
28391521	ACC	-0.03831482	4.1956635	9.02356
28391531	ACC	-0.03831482	4.1956635	9.004395
28391541	ACC	0.07662964	4.1573486	9.02356
28391551	ACC	0.17242432	4.1956635	9.02356
28391561	ACC	0.47895813	4.272293	8.659546
28391571	ACC	0.4597931	4.368088	7.7591095
28391581	ACC	0.51727295	4.4064026	8.88945
28391591	ACC	0.268219	4.2148285	9.138504
28391600	ACC	0.19158936	4.061554	9.042709
28391610	ACC	0.15325928	3.9657593	8.870285
28391620	ACC	0.09579468	4.061554	8.851135
28391630	ACC	0.019165039	4.1765137	8.83197
28391640	ACC	0.1341095	4.272293	8.755341
28391650	ACC	0.36401367	4.2339783	8.697861
28391660	ACC	0.536438	4.1381836	8.81282
28391660	GPS	-7.832282	110.42504	117.405945
28391669	ACC	0.4597931	4.1573486	8.927765
28391679	ACC	0.22990417	4.1573486	9.100189
28391689	ACC	0.15325928	4.1573486	9.176819
28391699	ACC	0.21073914	4.061554	9.234299
28391709	ACC	0.19158936	3.9657593	9.119354
28391719	ACC	0.09579468	3.9657593	8.946915
28391729	ACC	0.07662964	4.042404	8.870285
28391738	ACC	0.03831482	4.099869	8.927765
28391748	ACC	-0.17242432	4.1381836	8.851135
28391758	ACC	-0.3065338	4.1573486	8.81282
28391768	ACC	-0.3256836	4.119034	8.870285
28391778	ACC	-0.19158936	4.061554	8.985245
28391788	ACC	0.019165039	4.061554	8.985245
28391798	ACC	0.05747986	4.080719	9.004395
28391808	ACC	0.0	4.2148285	9.004395
28391817	ACC	-0.019165039	4.2148285	8.946915
28391827	ACC	-0.019165039	4.2531433	8.83197
28391837	ACC	-0.03831482	4.272293	8.77449
28391847	ACC	0.03831482	4.348938	8.697861
28391857	ACC	0.03831482	4.348938	8.736176
28391867	ACC	-0.05747986	4.291458	8.77449
28391877	ACC	-0.1341095	4.291458	8.77449
28391886	ACC	-0.21073914	4.348938	8.736176
28391896	ACC	-0.19158936	4.387253	8.697861
28391906	ACC	-0.24905396	4.291458	8.81282
28391916	ACC	-0.22990417	4.2339783	8.96608
28391926	ACC	-0.17242432	4.1381836	8.946915
28391936	ACC	-0.15325928	4.061554	8.96608
28391946	ACC	-0.17242432	4.061554	8.946915
28391955	ACC	-0.24905396	4.099869	8.851135
28391965	ACC	-0.36401367	4.2148285	8.81282
28391975	ACC	-0.4406433	4.329773	8.755341
28391985	ACC	-0.3065338	4.368088	8.717026
28391995	ACC	-0.17242432	4.387253	8.640396
28392005	ACC	0.3256836	4.272293	8.487122
28392015	ACC	1.1303406	4.099869	8.314697
28392024	ACC	0.268219	4.4830475	8.525436
28392034	ACC	-0.22990417	4.540512	8.985245
28392044	ACC	-0.19158936	4.2531433	9.157669
28392054	ACC	1.0920258	3.7358704	9.713257
28392064	ACC	0.9387512	3.9466095	9.655777
28392074	ACC	0.1341095	4.4064026	9.004395
28392084	ACC	0.15325928	4.578827	8.927765
28392093	ACC	-0.1341095	4.578827	8.659546
28392103	ACC	0.05747986	4.4064026	8.717026
28392113	ACC	0.268219	4.310623	8.736176
28392123	ACC	0.268219	4.310623	8.544601
28392133	ACC	0.268219	4.368088	8.506287
28392143	ACC	0.07662964	4.4447174	8.372177
28392153	ACC	-0.019165039	4.4638824	8.353012
28392162	ACC	-0.03831482	4.387253	8.467972
28392172	ACC	-0.05747986	4.291458	8.697861
28392182	ACC	0.03831482	4.1956635	8.77449
28392192	ACC	0.03831482	4.1381836	8.77449
28392202	ACC	-0.03831482	4.1956635	8.717026
28392212	ACC	-0.07662964	4.2339783	8.544601
28392222	ACC	-0.15325928	4.272293	8.563751
28392232	ACC	-0.19158936	4.310623	8.621231
28392241	ACC	-0.19158936	4.2148285	8.717026
28392251	ACC	-0.1341095	4.291458	8.640396
28392261	ACC	-0.17242432	4.310623	8.563751
28392271	ACC	-0.15325928	4.291458	8.487122
28392281	ACC	-0.15325928	4.329773	8.525436
28392291	ACC	-0.15325928	4.329773	8.563751
28392301	ACC	-0.11494446	4.310623	8.621231
28392310	ACC	0.0	4.291458	8.697861
28392320	ACC	-0.019165039	4.272293	8.83197
28392330	ACC	-0.11494446	4.272293	8.96608
28392340	ACC	-0.1341095	4.2339783	9.081024
28392350	ACC	-0.15325928	4.1765137	9.02356
28392360	ACC	-0.11494446	4.1765137	9.02356
28392370	ACC	-0.07662964	4.1765137	9.061874
28392379	ACC	-0.03831482	4.1765137	9.119354
28392389	ACC	0.0	4.1573486	9.157669
28392399	ACC	0.019165039	4.1765137	9.138504
28392409	ACC	0.0	4.1573486	9.081024
28392419	ACC	-0.019165039	4.1765137	9.061874
28392429	ACC	-0.05747986	4.2339783	9.081024
28392439	ACC	-0.09579468	4.1956635	9.100189
28392448	ACC	-0.09579468	4.1765137	9.081024
28392458	ACC	-0.05747986	4.119034	8.985245
28392468	ACC	-0.03831482	4.1381836	8.985245
28392478	ACC	-0.019165039	4.119034	9.042709
28392488	ACC	0.0	4.1956635	9.004395
28392498	ACC	0.07662964	4.2148285	8.96608
28392508	ACC	0.1341095	4.1381836	8.927765
28392517	ACC	0.17242432	4.1765137	8.851135
28392527	ACC	0.19158936	4.1381836	8.81282
28392537	ACC	0.21073914	4.1573486	8.793655
28392547	ACC	0.19158936	4.1573486	8.77449
28392557	ACC	0.21073914	4.1381836	8.717026
28392567	ACC	0.24905396	4.119034	8.736176
28392577	ACC	0.1341095	4.080719	8.77449
28392586	ACC	0.09579468	4.119034	8.755341
28392596	ACC	-0.019165039	4.080719	8.81282
28392606	ACC	-0.03831482	4.061554	8.755341
28392616	ACC	-0.07662964	4.061554	8.717026
28392626	ACC	-0.07662964	4.119034	8.678711
28392636	ACC	-0.1341095	4.119034	8.659546
28392636	GPS	-7.832283	110.42504	118.25952
28392646	ACC	-0.1341095	4.1573486	8.640396
28392655	ACC	-0.11494446	4.1573486	8.697861
28392665	ACC	-0.15325928	4.1573486	8.755341
28392675	ACC	-0.1341095	4.099869	8.81282
28392685	ACC	-0.07662964	4.023239	8.870285
28392695	ACC	-0.05747986	4.042404	8.870285
28392705	ACC	-0.05747986	3.9657593	8.927765
28392715	ACC	-0.09579468	4.061554	8.946915
28392724	ACC	-0.11494446	4.042404	9.004395
28392734	ACC	-0.15325928	4.061554	9.100189
28392744	ACC	-0.17242432	4.080719	9.119354
28392754	ACC	-0.15325928	4.099869	9.157669
28392764	ACC	-0.11494446	4.119034	9.138504
28392774	ACC	-0.07662964	4.099869	9.100189
28392784	ACC	-0.05747986	4.119034	9.004395
28392793	ACC	-0.03831482	4.1381836	8.96608
28392803	ACC	-0.019165039	4.1381836	8.946915
28392813	ACC	0.0	4.1381836	8.946915
28392823	ACC	0.019165039	4.1573486	8.96608
28392833	ACC	0.03831482	4.080719	8.927765
28392843	ACC	0.019165039	4.061554	8.9086
28392853	ACC	-0.019165039	4.099869	8.88945
28392863	ACC	-0.03831482	4.061554	8.927765
28392872	ACC	-0.09579468	4.061554	9.02356
28392882	ACC	-0.07662964	4.061554	9.081024
28392892	ACC	-0.03831482	4.0040894	9.081024
28392902	ACC	-0.07662964	3.9849243	9.004395
28392912	ACC	-0.05747986	3.9657593	9.004395
28392922	ACC	-0.03831482	3.9849243	8.927765
28392932	ACC	-0.03831482	4.0040894	8.88945
28392941	ACC	-0.03831482	4.023239	8.870285
28392951	ACC	0.0	4.023239	8.793655
28392961	ACC	0.03831482	4.061554	8.851135
28392971	ACC	0.03831482	4.099869	8.83197
28392981	ACC	0.05747986	4.099869	8.81282
28392991	ACC	0.05747986	4.080719	8.77449
28393001	ACC	0.019165039	4.080719	8.736176
28393010	ACC	0.019165039	4.080719	8.717026
28393020	ACC	0.03831482	4.119034	8.697861
28393030	ACC	0.019165039	4.1381836	8.83197
28393040	ACC	0.09579468	4.1573486	8.851135
28393050	ACC	0.09579468	4.119034	8.9086
28393060	ACC	0.07662964	4.042404	8.870285
28393070	ACC	0.05747986	4.023239	8.870285
28393079	ACC	0.019165039	4.080719	8.88945
28393089	ACC	0.0	4.1381836	8.851135
28393099	ACC	0.0	4.1381836	8.9086
28393109	ACC	-0.019165039	4.099869	8.946915
28393119	ACC	0.09579468	4.119034	8.9086
28393129	ACC	0.07662964	4.099869	8.9086
28393139	ACC	0.07662964	4.061554	8.946915
28393148	ACC	0.09579468	4.119034	8.851135
28393158	ACC	0.07662964	4.099869	8.851135
28393168	ACC	0.07662964	4.099869	8.9086
28393178	ACC	0.07662964	4.061554	8.96608
28393188	ACC	0.09579468	4.061554	9.004395
28393198	ACC	0.11494446	4.042404	8.985245
28393208	ACC	0.17242432	4.023239	8.88945
28393217	ACC	0.1341095	4.0040894	8.927765
28393227	ACC	0.15325928	4.023239	8.9086
28393237	ACC	0.15325928	4.023239	8.927765
28393247	ACC	0.15325928	4.0040894	8.946915
28393257	ACC	0.11494446	4.023239	8.851135
28393267	ACC	0.03831482	4.042404	8.77449
28393277	ACC	-0.07662964	4.042404	8.755341
28393287	ACC	-0.1341095	4.119034	8.755341
28393296	ACC	-0.22990417	4.1381836	8.697861
28393306	ACC	-0.3065338	4.1381836	8.77449
28393316	ACC	-0.3065338	4.119034	8.717026
28393326	ACC	-0.3256836	4.080719	8.77449
28393336	ACC	-0.34484863	4.099869	8.793655
28393346	ACC	-0.3256836	4.080719	8.851135
28393356	ACC	-0.24905396	3.9657593	8.927765
28393365	ACC	-0.1341095	3.9466095	8.946915
28393375	ACC	-0.05747986	3.9657593	8.985245
28393385	ACC	0.03831482	3.9466095	9.081024
28393395	ACC	0.09579468	3.9849243	9.100189
28393405	ACC	0.15325928	3.9849243	9.176819
28393415	ACC	0.21073914	3.9657593	9.195984
28393425	ACC	0.22990417	3.9274445	9.234299
28393434	ACC	0.24905396	3.9274445	9.195984
28393444	ACC	0.24905396	3.9274445	9.119354
28393454	ACC	0.24905396	3.9657593	8.985245
28393464	ACC	0.24905396	3.9657593	8.927765
28393474	ACC	0.28736877	4.061554	8.96608
28393484	ACC	0.3065338	4.061554	8.851135
28393494	ACC	0.36401367	4.042404	8.81282
28393503	ACC	0.38316345	4.080719	8.736176
28393513	ACC	0.36401367	4.099869	8.736176
28393523	ACC	0.38316345	4.099869	8.717026
28393533	ACC	0.36401367	4.061554	8.697861
28393543	ACC	0.36401367	4.1381836	8.717026
28393553	ACC	0.28736877	4.099869	8.77449
28393563	ACC	0.24905396	4.080719	8.851135
28393572	ACC	0.24905396	4.119034	8.88945
28393582	ACC	0.24905396	4.1381836	8.851135
28393592	ACC	0.22990417	4.099869	8.83197
28393602	ACC	0.22990417	4.080719	8.83197
28393612	ACC	0.22990417	4.061554	8.870285
28393622	ACC	0.19158936	4.042404	8.9086
28393632	ACC	0.21073914	4.080719	8.9086
28393641	ACC	0.21073914	4.099869	8.927765
28393651	ACC	0.17242432	4.099869	8.96608
28393661	ACC	0.22990417	4.1381836	8.96608
28393661	GPS	-7.83228	110.42504	119.47461
28393671	ACC	0.24905396	4.1573486	9.004395
28393681	ACC	0.22990417	4.1381836	8.985245
28393691	ACC	0.268219	4.119034	9.004395
28393701	ACC	0.22990417	4.042404	8.985245
28393711	ACC	0.22990417	4.061554	9.02356
28393720	ACC	0.21073914	4.080719	9.02356
28393730	ACC	0.09579468	4.080719	9.176819
28393740	ACC	0.11494446	4.061554	8.927765
28393750	ACC	0.03831482	4.023239	8.793655
28393760	ACC	0.11494446	4.061554	8.602066
28393770	ACC	-0.03831482	4.329773	8.525436
28393780	ACC	0.07662964	4.4255676	8.582916
28393789	ACC	0.3256836	4.2339783	8.467972
28393799	ACC	0.38316345	4.061554	8.582916
28393809	ACC	0.49812317	4.1765137	8.506287
28393819	ACC	0.42147827	4.2339783	8.410492
28393829	ACC	0.4597931	4.2531433	8.602066
28393839	ACC	0.4023285	4.1956635	8.736176
28393849	ACC	0.4023285	3.9657593	8.83197
28393858	ACC	0.38316345	3.8508148	9.042709
28393868	ACC	0.34484863	3.793335	9.195984
28393878	ACC	0.36401367	3.5825958	9.349243
28393888	ACC	0.19158936	3.7167053	9.330093
28393898	ACC	0.0	4.1381836	9.272614
28393908	ACC	-0.07662964	4.1956635	9.464203
28393918	ACC	0.019165039	4.0040894	9.770721
28393927	ACC	0.15325928	3.8699799	9.559982
28393937	ACC	0.22990417	3.7741852	9.138504
28393947	ACC	0.268219	3.7358704	8.81282
28393957	ACC	0.19158936	3.8508148	8.755341
28393967	ACC	0.03831482	3.9466095	8.83197
28393977	ACC	-0.05747986	4.080719	8.851135
28393987	ACC	0.019165039	4.042404	8.927765
28393997	ACC	0.1341095	3.9466095	8.927765
28394006	ACC	0.1341095	3.8891296	8.927765
28394016	ACC	0.09579468	3.9657593	8.81282
28394026	ACC	0.05747986	3.9657593	8.717026
28394036	ACC	0.019165039	4.023239	8.755341
28394046	ACC	0.09579468	4.023239	8.77449
28394056	ACC	0.17242432	3.9657593	8.793655
28394066	ACC	0.21073914	4.023239	8.81282
28394075	ACC	0.22990417	4.061554	8.83197
28394085	ACC	0.268219	4.061554	8.793655
28394095	ACC	0.28736877	4.042404	8.678711
28394105	ACC	0.3065338	4.080719	8.717026
28394115	ACC	0.3065338	4.0040894	8.755341
28394125	ACC	0.24905396	3.9466095	8.946915
28394135	ACC	0.24905396	3.9466095	9.004395
28394144	ACC	0.268219	3.9657593	9.004395
28394154	ACC	0.24905396	3.9466095	8.96608
28394164	ACC	0.3256836	3.9466095	8.946915
28394174	ACC	0.28736877	3.9466095	8.946915
28394184	ACC	0.24905396	3.9849243	9.004395
28394194	ACC	0.28736877	3.9466095	8.985245
28394204	ACC	0.268219	3.9657593	8.946915
28394213	ACC	0.3065338	3.9657593	8.985245
28394223	ACC	0.268219	3.9657593	8.9086
28394233	ACC	0.22990417	3.9466095	8.96608
28394243	ACC	0.268219	3.9082947	9.02356
28394253	ACC	0.24905396	3.9082947	9.02356
28394263	ACC	0.24905396	3.9466095	9.061874
28394273	ACC	0.22990417	3.9082947	9.061874
28394283	ACC	0.268219	3.9274445	8.985245
28394292	ACC	0.24905396	3.9274445	9.042709
28394302	ACC	0.268219	3.9466095	8.985245
28394312	ACC	0.24905396	3.9466095	8.96608
28394322	ACC	0.3065338	3.9849243	8.88945
28394332	ACC	0.3256836	4.0040894	8.77449
28394342	ACC	0.34484863	4.0040894	8.678711
28394352	ACC	0.3256836	4.0040894	8.659546
28394361	ACC	0.36401367	3.9657593	8.77449
28394371	ACC	0.3256836	3.9466095	8.88945
28394381	ACC	0.28736877	3.9849243	8.88945
28394391	ACC	0.268219	3.9082947	9.004395
28394401	ACC	0.28736877	3.8508148	9.042709
28394411	ACC	0.3065338	3.8699799	9.02356
28394421	ACC	0.34484863	3.8508148	9.042709
28394430	ACC	0.38316345	3.8508148	9.02356
28394440	ACC	0.42147827	3.8699799	9.02356
28394450	ACC	0.4023285	3.8508148	8.946915
28394460	ACC	0.38316345	3.8699799	8.870285
28394470	ACC	0.34484863	3.8891296	8.96608
28394480	ACC	0.34484863	3.8891296	9.02356
28394490	ACC	0.28736877	3.8699799	9.02356
28394499	ACC	0.28736877	3.8699799	9.004395
28394509	ACC	0.3256836	3.831665	8.985245
28394519	ACC	0.28736877	3.8699799	8.96608
28394529	ACC	0.3065338	3.831665	8.88945
28394539	ACC	0.268219	3.8508148	8.985245
28394549	ACC	0.22990417	3.8508148	9.004395
28394559	ACC	0.28736877	3.9274445	8.88945
28394568	ACC	0.268219	3.9274445	8.83197
28394578	ACC	0.28736877	3.9466095	8.77449
28394588	ACC	0.24905396	3.9274445	8.717026
28394598	ACC	0.21073914	3.9274445	8.77449
28394608	ACC	0.15325928	3.9657593	8.870285
28394618	ACC	0.17242432	4.023239	8.946915
28394618	GPS	-7.8322797	110.42504	120.466064
28394628	ACC	0.22990417	3.9466095	9.081024
28394637	ACC	0.24905396	3.8891296	9.100189
28394647	ACC	0.3065338	3.8508148	9.061874
28394657	ACC	0.34484863	3.831665	9.061874
28394667	ACC	0.3256836	3.8508148	9.042709
28394677	ACC	0.28736877	3.8699799	9.061874
28394687	ACC	0.22990417	3.8891296	9.02356
28394697	ACC	0.24905396	3.9082947	9.042709
28394707	ACC	0.28736877	3.9657593	9.02356
28394716	ACC	0.28736877	3.9849243	9.061874
28394726	ACC	0.34484863	3.9657593	8.946915
28394736	ACC	0.4023285	3.9466095	8.927765
28394746	ACC	0.36401367	3.9466095	8.793655
28394756	ACC	0.3065338	3.9274445	8.88945
28394766	ACC	0.268219	3.9466095	8.927765
28394776	ACC	0.24905396	3.9657593	8.96608
28394785	ACC	0.24905396	3.9274445	9.004395
28394795	ACC	0.24905396	3.9274445	8.927765
28394805	ACC	0.21073914	3.9082947	8.9086
28394815	ACC	0.21073914	3.9274445	8.88945
28394825	ACC	0.21073914	3.9657593	8.88945
28394835	ACC	0.24905396	3.9274445	8.83197
28394845	ACC	0.22990417	3.9657593	8.870285
28394854	ACC	0.19158936	3.9082947	8.88945
28394864	ACC	0.21073914	3.8891296	8.927765
28394874	ACC	0.15325928	3.9274445	8.9086
28394884	ACC	0.15325928	3.9657593	8.83197
28394894	ACC	0.1341095	3.9274445	8.870285
28394904	ACC	0.15325928	3.9082947	8.88945
28394914	ACC	0.1341095	3.9082947	8.9086
28394923	ACC	0.09579468	3.9082947	8.946915
28394933	ACC	0.11494446	3.9274445	8.985245
28394943	ACC	0.1341095	3.9466095	9.02356
28394953	ACC	0.15325928	3.831665	9.042709
28394963	ACC	0.21073914	3.9082947	9.061874
28394973	ACC	0.28736877	3.9082947	8.96608
28394983	ACC	0.28736877	3.9466095	8.946915
28394993	ACC	0.24905396	4.0040894	9.100189
28395002	ACC	0.28736877	4.0040894	8.9086
28395012	ACC	0.268219	3.9466095	8.870285
28395022	ACC	0.268219	3.9849243	8.88945
28395032	ACC	0.21073914	4.0040894	8.9086
28395042	ACC	0.11494446	4.061554	8.96608
28395052	ACC	0.15325928	4.0040894	8.96608
28395062	ACC	0.21073914	3.9657593	8.96608
28395071	ACC	0.22990417	3.9657593	8.985245
28395081	ACC	0.24905396	3.9657593	8.9086
28395091	ACC	0.3065338	3.9466095	8.88945
28395101	ACC	0.268219	3.9274445	8.9086
28395111	ACC	0.22990417	4.0040894	8.9086
28395121	ACC	0.22990417	3.9849243	8.96608
28395131	ACC	0.28736877	3.9466095	8.88945
28395141	ACC	0.28736877	3.9466095	8.870285
28395150	ACC	0.268219	3.9274445	8.927765
28395160	ACC	0.21073914	4.0040894	8.946915
28395170	ACC	0.19158936	4.042404	8.88945
28395180	ACC	0.21073914	4.023239	8.9086
28395190	ACC	0.19158936	3.9657593	8.81282
28395200	ACC	0.15325928	3.9849243	8.851135
28395210	ACC	0.11494446	3.9849243	8.793655
28395219	ACC	0.1341095	4.023239	8.88945
28395229	ACC	0.19158936	4.042404	8.870285
28395239	ACC	0.17242432	4.0040894	8.81282
28395249	ACC	0.22990417	4.061554	8.755341
28395259	ACC	0.22990417	4.023239	8.81282
28395269	ACC	0.22990417	4.042404	8.851135
28395279	ACC	0.22990417	4.061554	8.9086
28395288	ACC	0.22990417	4.061554	8.927765
28395298	ACC	0.21073914	3.9849243	8.985245
28395308	ACC	0.19158936	3.9466095	8.985245
28395318	ACC	0.21073914	3.9657593	8.927765
28395328	ACC	0.19158936	3.9657593	8.946915
28395338	ACC	0.19158936	3.9849243	8.985245
28395348	ACC	0.28736877	4.023239	9.061874
28395357	ACC	0.28736877	4.0040894	9.119354
28395367	ACC	0.3065338	4.023239	9.061874
28395377	ACC	0.3256836	3.9849243	8.96608
28395387	ACC	0.3256836	4.0040894	8.88945
28395397	ACC	0.3065338	4.042404	8.851135
28395407	ACC	0.28736877	4.061554	8.81282
28395417	ACC	0.24905396	4.023239	8.793655
28395427	ACC	0.21073914	4.0040894	8.83197
28395436	ACC	0.19158936	4.042404	8.851135
28395446	ACC	0.1341095	4.023239	8.851135
28395456	ACC	0.15325928	3.9657593	8.927765
28395466	ACC	0.19158936	4.023239	8.870285
28395476	ACC	0.22990417	4.023239	8.851135
28395486	ACC	0.21073914	4.0040894	8.870285
28395496	ACC	0.19158936	4.023239	8.870285
28395505	ACC	0.17242432	4.0040894	8.870285
28395515	ACC	0.19158936	4.0040894	8.927765
28395525	ACC	0.21073914	4.042404	8.946915
28395535	ACC	0.19158936	4.023239	8.946915
28395545	ACC	0.17242432	4.0040894	8.927765
28395555	ACC	0.15325928	4.0040894	8.96608
28395565	ACC	0.1341095	4.023239	8.870285
28395574	ACC	0.1341095	3.9849243	8.96608
28395584	ACC	0.15325928	4.042404	9.004395
28395594	ACC	0.15325928	4.061554	9.042709
28395604	ACC	0.21073914	4.080719	8.96608
28395614	ACC	0.24905396	4.042404	8.927765
28395624	ACC	0.22990417	4.080719	8.927765
28395634	ACC	0.22990417	4.119034	8.88945
28395634	GPS	-7.8322735	110.42504	121.339355
28395643	ACC	0.24905396	4.1381836	8.81282
28395653	ACC	0.21073914	4.119034	8.851135
28395663	ACC	0.268219	4.1765137	8.81282
28395673	ACC	0.268219	4.1381836	8.83197
28395683	ACC	0.24905396	4.080719	8.851135
28395693	ACC	0.21073914	4.080719	8.9086
28395703	ACC	0.21073914	4.061554	8.96608
28395713	ACC	0.21073914	4.080719	8.9086
28395722	ACC	0.21073914	4.099869	8.88945
28395732	ACC	0.24905396	4.119034	8.88945
28395742	ACC	0.24905396	4.099869	8.870285
28395752	ACC	0.268219	4.099869	8.851135
28395762	ACC	0.24905396	4.099869	8.88945
28395772	ACC	0.19158936	4.023239	8.88945
28395782	ACC	0.1341095	4.023239	8.851135
28395791	ACC	0.1341095	4.061554	8.870285
28395801	ACC	0.11494446	4.061554	8.851135
28395811	ACC	0.11494446	4.023239	8.927765
28395821	ACC	0.11494446	4.0040894	8.927765
28395831	ACC	0.11494446	3.9849243	8.927765
28395841	ACC	0.09579468	4.0040894	8.88945
28395851	ACC	0.09579468	4.0040894	8.77449
28395860	ACC	0.09579468	4.023239	8.77449
28395870	ACC	0.09579468	3.9849243	8.736176
28395880	ACC	0.07662964	4.042404	8.851135
28395890	ACC	0.03831482	4.042404	8.88945
28395900	ACC	0.03831482	4.042404	8.851135
28395910	ACC	0.09579468	4.042404	8.717026
28395920	ACC	0.09579468	4.023239	8.659546
28395930	ACC	0.1341095	4.080719	8.717026
28395939	ACC	0.11494446	4.1956635	8.83197
28395949	ACC	0.1341095	4.1765137	8.870285
28395959	ACC	0.15325928	4.119034	8.96608
28395969	ACC	0.21073914	4.042404	9.042709
28395979	ACC	0.22990417	4.0040894	9.061874
28395989	ACC	0.22990417	3.9849243	9.100189
28395999	ACC	0.24905396	4.061554	9.081024
28396008	ACC	0.21073914	4.119034	9.157669
28396018	ACC	0.22990417	4.119034	9.061874
28396028	ACC	0.28736877	4.119034	9.100189
28396038	ACC	0.3256836	4.099869	9.042709
28396048	ACC	0.28736877	4.1381836	8.927765
28396058	ACC	0.268219	4.119034	8.870285
28396068	ACC	0.268219	4.1765137	8.851135
28396077	ACC	0.21073914	4.1573486	8.77449
28396087	ACC	0.24905396	4.119034	8.793655
28396097	ACC	0.24905396	4.099869	8.755341
28396107	ACC	0.24905396	4.119034	8.81282
28396117	ACC	0.22990417	4.1573486	8.851135
28396127	ACC	0.21073914	4.119034	8.870285
28396137	ACC	0.22990417	4.099869	8.851135
28396147	ACC	0.24905396	4.061554	8.851135
28396156	ACC	0.21073914	4.023239	8.851135
28396166	ACC	0.15325928	4.080719	8.88945
28396176	ACC	0.15325928	4.080719	8.870285
28396186	ACC	0.21073914	4.119034	8.81282
28396196	ACC	0.19158936	4.080719	8.755341
28396206	ACC	0.19158936	4.061554	8.755341
28396216	ACC	0.15325928	4.042404	8.736176
28396225	ACC	0.11494446	4.042404	8.83197
28396235	ACC	0.09579468	4.042404	8.9086
28396245	ACC	0.07662964	4.023239	9.02356
28396255	ACC	0.11494446	3.9849243	8.985245
28396265	ACC	0.1341095	3.9849243	8.985245
28396275	ACC	0.19158936	3.9849243	8.96608
28396285	ACC	0.19158936	4.0040894	8.927765
28396294	ACC	0.21073914	4.023239	8.870285
28396304	ACC	0.22990417	4.099869	8.851135
28396314	ACC	0.28736877	4.080719	8.77449
28396324	ACC	0.22990417	4.061554	8.755341
28396334	ACC	0.22990417	4.1573486	8.77449
28396344	ACC	0.21073914	4.080719	8.83197
28396354	ACC	0.21073914	4.1573486	8.83197
28396363	ACC	0.22990417	4.099869	8.870285
28396373	ACC	0.22990417	4.119034	8.9086
28396383	ACC	0.22990417	4.080719	9.004395
28396393	ACC	0.28736877	4.099869	8.985245
28396403	ACC	0.28736877	4.099869	8.96608
28396413	ACC	0.3065338	4.099869	8.9086
28396423	ACC	0.36401367	4.1573486	8.927765
28396433	ACC	0.3256836	4.1381836	8.9086
28396442	ACC	0.3065338	4.1381836	8.9086
28396452	ACC	0.268219	4.119034	8.946915
28396462	ACC	0.22990417	4.119034	8.96608
28396472	ACC	0.21073914	4.119034	8.96608
28396482	ACC	0.21073914	4.1381836	8.927765
28396492	ACC	0.22990417	4.080719	8.96608
28396502	ACC	0.268219	4.1573486	8.9086
28396511	ACC	0.24905396	4.119034	8.96608
28396521	ACC	0.268219	4.080719	8.946915
28396531	ACC	0.3065338	4.061554	8.927765
28396541	ACC	0.28736877	4.099869	8.946915
28396551	ACC	0.268219	4.080719	8.9086
28396561	ACC	0.24905396	4.080719	8.851135
28396571	ACC	0.19158936	4.080719	8.755341
28396580	ACC	0.17242432	4.099869	8.697861
28396590	ACC	0.1341095	4.1573486	8.640396
28396600	ACC	0.11494446	4.1573486	8.678711
28396610	ACC	0.11494446	4.1765137	8.678711
28396610	GPS	-7.832271	110.42504	122.32727
28396620	ACC	0.19158936	4.1381836	8.659546
28396630	ACC	0.24905396	4.061554	8.678711
28396640	ACC	0.268219	3.9849243	8.640396
28396649	ACC	0.19158936	3.9657593	8.678711
28396659	ACC	0.11494446	4.023239	8.851135
28396669	ACC	0.05747986	4.023239	8.946915
28396679	ACC	0.07662964	4.023239	8.96608
28396689	ACC	0.11494446	4.042404	8.9086
28396699	ACC	0.09579468	4.061554	8.946915
28396709	ACC	0.19158936	4.119034	8.793655
28396718	ACC	0.24905396	4.1381836	8.755341
28396728	ACC	0.28736877	4.1573486	8.697861
28396738	ACC	0.3065338	4.1573486	8.640396
28396748	ACC	0.3256836	4.1573486	8.697861
28396758	ACC	0.34484863	4.1765137	8.851135
28396768	ACC	0.34484863	4.119034	8.9086
28396778	ACC	0.42147827	4.061554	8.96608
28396788	ACC	0.4023285	4.080719	8.946915
28396797	ACC	0.4023285	4.023239	9.004395
28396807	ACC	0.36401367	4.023239	9.081024
28396817	ACC	0.3256836	3.9849243	9.138504
28396827	ACC	0.268219	4.023239	9.176819
28396837	ACC	0.22990417	3.9657593	9.119354
28396847	ACC	0.24905396	4.0040894	9.081024
28396857	ACC	0.21073914	4.0040894	9.061874
28396866	ACC	0.24905396	4.023239	9.004395
28396876	ACC	0.268219	4.042404	8.946915
28396886	ACC	0.34484863	3.9849243	8.946915
28396896	ACC	0.3256836	4.0040894	8.9086
28396906	ACC	0.28736877	3.9657593	8.927765
28396916	ACC	0.3065338	4.0040894	8.9086
28396926	ACC	0.22990417	4.0040894	8.9086
28396935	ACC	0.24905396	3.9657593	8.88945
28396945	ACC	0.3065338	3.9849243	8.870285
28396955	ACC	0.34484863	3.9657593	8.88945
28396965	ACC	0.3256836	3.9849243	8.870285
28396975	ACC	0.36401367	4.042404	8.851135
28396985	ACC	0.3065338	4.023239	8.83197
28396995	ACC	0.3065338	4.042404	8.88945
28397004	ACC	0.3065338	4.023239	8.870285
28397014	ACC	0.36401367	4.0040894	8.793655
28397024	ACC	0.36401367	4.0040894	8.870285
28397034	ACC	0.4023285	4.042404	8.946915
28397044	ACC	0.4023285	4.042404	8.9086
28397054	ACC	0.36401367	4.0040894	8.946915
28397064	ACC	0.4023285	3.9657593	8.9086
28397074	ACC	0.3256836	3.9849243	8.927765
28397083	ACC	0.3256836	4.0040894	8.96608
28397093	ACC	0.3256836	3.9849243	8.927765
28397103	ACC	0.42147827	3.9849243	8.9086
28397113	ACC	0.38316345	4.0040894	8.927765
28397123	ACC	0.36401367	3.9849243	8.946915
28397133	ACC	0.4023285	3.9274445	8.927765
28397143	ACC	0.38316345	3.9466095	8.927765
28397152	ACC	0.36401367	3.9466095	9.042709
28397162	ACC	0.36401367	3.9657593	9.081024
28397172	ACC	0.38316345	3.9657593	9.119354
28397182	ACC	0.38316345	3.9274445	9.100189
28397192	ACC	0.4023285	3.8891296	9.061874
28397202	ACC	0.42147827	3.8508148	8.985245
28397212	ACC	0.36401367	3.831665	8.985245
28397221	ACC	0.268219	3.9082947	8.9086
28397231	ACC	0.19158936	3.9274445	8.9086
28397241	ACC	0.15325928	3.9849243	8.927765
28397251	ACC	0.21073914	3.9849243	8.81282
28397261	ACC	0.24905396	4.0040894	8.793655
28397271	ACC	0.3065338	4.023239	8.83197
28397281	ACC	0.3256836	3.9657593	8.83197
28397291	ACC	0.3065338	3.9466095	8.870285
28397300	ACC	0.28736877	3.8891296	8.946915
28397310	ACC	0.22990417	3.831665	9.042709
28397320	ACC	0.21073914	3.793335	9.081024
28397330	ACC	0.21073914	3.831665	9.02356
28397340	ACC	0.24905396	3.8891296	8.96608
28397350	ACC	0.28736877	3.9466095	8.946915
28397360	ACC	0.28736877	3.9274445	8.83197
28397369	ACC	0.28736877	3.9466095	8.77449
28397379	ACC	0.22990417	3.9466095	8.736176
28397389	ACC	0.19158936	3.9657593	8.81282
28397399	ACC	0.1341095	3.9466095	8.77449
28397409	ACC	0.15325928	3.9274445	8.9086
28397419	ACC	0.09579468	3.9082947	8.77449
28397429	ACC	0.17242432	3.9274445	8.927765
28397438	ACC	0.21073914	3.8891296	8.9086
28397448	ACC	0.19158936	3.9274445	8.946915
28397458	ACC	0.24905396	3.8891296	8.946915
28397468	ACC	0.11494446	3.8125	8.88945
28397478	ACC	0.1341095	4.061554	9.195984
28397488	ACC	0.11494446	4.023239	8.96608
28397498	ACC	0.38316345	3.9082947	9.119354
28397507	ACC	0.51727295	3.8699799	9.02356
28397517	ACC	0.49812317	3.9274445	9.042709
28397527	ACC	0.4406433	4.0040894	8.946915
28397537	ACC	0.38316345	4.0040894	8.9086
28397547	ACC	0.38316345	4.042404	8.870285
28397557	ACC	0.3256836	4.0040894	8.851135
28397567	ACC	0.3065338	4.0040894	8.81282
28397576	ACC	0.28736877	3.9849243	8.88945
28397586	ACC	0.38316345	3.9849243	8.870285
28397596	ACC	0.36401367	3.9849243	8.793655
28397606	ACC	0.36401367	3.9082947	8.851135
28397616	ACC	0.38316345	3.8125	9.02356
28397626	ACC	0.34484863	3.793335	9.119354
28397626	GPS	-7.832269	110.42504	121.89447
28397636	ACC	0.268219	3.7550201	9.272614
28397645	ACC	0.21073914	3.6783905	9.425873
28397655	ACC	0.21073914	3.6592407	9.5216675
28397665	ACC	0.24905396	3.563446	9.636627
28397675	ACC	0.21073914	3.5251312	9.732407
28397685	ACC	0.22990417	3.5251312	9.674942
28397695	ACC	0.21073914	3.563446	9.483353
28397705	ACC	0.21073914	3.5825958	9.406723
28397715	ACC	0.268219	3.6592407	9.195984
28397724	ACC	0.3065338	3.6783905	9.02356
28397734	ACC	0.3065338	3.7741852	8.851135
28397744	ACC	0.3065338	3.793335	8.793655
28397754	ACC	0.24905396	3.831665	8.659546
28397764	ACC	0.17242432	3.7741852	8.678711
28397774	ACC	0.05747986	3.793335	8.678711
28397784	ACC	0.03831482	3.7550201	8.659546
28397793	ACC	0.07662964	3.831665	8.736176
28397803	ACC	0.07662964	3.7358704	8.81282
28397813	ACC	0.15325928	3.7550201	8.9086
28397823	ACC	0.17242432	3.6975555	8.96608
28397833	ACC	0.22990417	3.7167053	8.946915
28397843	ACC	0.21073914	3.6975555	8.96608
28397853	ACC	0.21073914	3.831665	8.793655
28397862	ACC	0.19158936	3.8508148	8.678711
28397872	ACC	0.1341095	3.8699799	8.736176
28397882	ACC	0.11494446	3.9274445	8.697861
28397892	ACC	0.17242432	3.9657593	8.77449
28397902	ACC	0.11494446	3.9082947	8.755341
28397912	ACC	0.11494446	3.8891296	8.851135
28397922	ACC	0.11494446	3.8125	8.9086
28397932	ACC	0.15325928	3.7741852	9.042709
28397941	ACC	0.1341095	3.7741852	9.119354
28397951	ACC	0.19158936	3.8125	9.157669
28397961	ACC	0.17242432	3.7550201	9.215134
28397971	ACC	0.21073914	3.8125	9.215134
28397981	ACC	0.268219	3.8125	9.176819
28397991	ACC	0.24905396	3.8508148	9.195984
28398001	ACC	0.28736877	3.8891296	9.061874
28398010	ACC	0.268219	3.8699799	8.985245
28398020	ACC	0.28736877	3.9082947	8.927765
28398030	ACC	0.24905396	3.9082947	8.985245
28398040	ACC	0.268219	3.9849243	8.946915
28398050	ACC	0.268219	3.9466095	8.985245
28398060	ACC	0.28736877	4.0040894	9.004395
28398070	ACC	0.24905396	3.9657593	8.985245
28398079	ACC	0.22990417	3.9466095	9.004395
28398089	ACC	0.19158936	3.9274445	8.985245
28398099	ACC	0.19158936	3.9274445	8.985245
28398109	ACC	0.17242432	3.9466095	8.96608
28398119	ACC	0.15325928	3.9849243	8.96608
28398129	ACC	0.17242432	3.9274445	8.96608
28398139	ACC	0.11494446	3.9466095	8.96608
28398149	ACC	0.05747986	3.9466095	8.946915
28398158	ACC	0.05747986	3.9274445	8.870285
28398168	ACC	0.11494446	3.8891296	8.870285
28398178	ACC	0.11494446	3.8891296	8.870285
28398188	ACC	0.09579468	3.8891296	8.9086
28398198	ACC	0.11494446	3.8508148	8.985245
28398208	ACC	0.1341095	3.9082947	9.004395
28398218	ACC	0.15325928	3.8891296	9.02356
28398227	ACC	0.21073914	3.8508148	9.004395
28398237	ACC	0.268219	3.8699799	9.081024
28398247	ACC	0.268219	3.8508148	9.042709
28398257	ACC	0.24905396	3.8508148	9.004395
28398267	ACC	0.22990417	3.8508148	9.042709
28398277	ACC	0.21073914	3.9082947	8.985245
28398287	ACC	0.21073914	3.9082947	8.946915
28398296	ACC	0.24905396	3.9466095	8.9086
28398306	ACC	0.22990417	3.9082947	8.88945
28398316	ACC	0.22990417	3.9849243	8.81282
28398326	ACC	0.22990417	3.9274445	8.88945
28398336	ACC	0.24905396	3.9657593	8.927765
28398346	ACC	0.21073914	3.9466095	8.946915
28398356	ACC	0.22990417	3.9657593	8.985245
28398366	ACC	0.24905396	3.9274445	8.96608
28398375	ACC	0.3256836	3.9849243	8.9086
28398385	ACC	0.28736877	3.9849243	8.946915
28398395	ACC	0.268219	3.9657593	8.9086
28398405	ACC	0.24905396	3.9274445	8.83197
28398415	ACC	0.268219	3.9849243	8.793655
28398425	ACC	0.268219	4.0040894	8.81282
28398435	ACC	0.19158936	3.9849243	8.81282
28398444	ACC	0.17242432	3.9849243	8.83197
28398454	ACC	0.17242432	3.9657593	8.927765
28398464	ACC	0.19158936	3.9466095	8.9086
28398474	ACC	0.19158936	3.9082947	8.927765
28398484	ACC	0.15325928	3.8891296	8.946915
28398494	ACC	0.15325928	3.9082947	8.946915
28398504	ACC	0.1341095	3.9274445	8.946915
28398513	ACC	0.15325928	3.9466095	8.946915
28398523	ACC	0.17242432	4.023239	8.9086
28398533	ACC	0.19158936	3.9849243	8.9086
28398543	ACC	0.24905396	4.0040894	8.9086
28398553	ACC	0.28736877	3.9849243	8.9086
28398563	ACC	0.21073914	3.9082947	9.042709
28398573	ACC	0.21073914	3.9274445	9.042709
28398583	ACC	0.15325928	3.9274445	9.02356
28398592	ACC	0.17242432	3.9082947	9.042709
28398602	ACC	0.21073914	3.9082947	9.081024
28398612	ACC	0.22990417	3.9274445	9.02356
28398622	ACC	0.268219	3.9274445	9.061874
28398622	GPS	-7.832268	110.42504	121.54419
28398632	ACC	0.268219	3.9849243	9.042709
28398642	ACC	0.268219	3.9657593	8.96608
28398652	ACC	0.268219	3.9466095	9.042709
28398661	ACC	0.24905396	4.0040894	8.96608
28398671	ACC	0.268219	4.042404	8.851135
28398681	ACC	0.28736877	4.023239	8.851135
28398691	ACC	0.268219	4.0040894	8.81282
28398701	ACC	0.28736877	4.023239	8.736176
28398711	ACC	0.22990417	3.9849243	8.83197
28398721	ACC	0.19158936	3.9466095	8.88945
28398730	ACC	0.15325928	3.9849243	8.9086
28398740	ACC	0.15325928	4.0040894	8.96608
28398750	ACC	0.15325928	3.9466095	8.96608
28398760	ACC	0.19158936	3.8891296	8.985245
28398770	ACC	0.17242432	3.9082947	9.081024
28398780	ACC	0.19158936	3.8699799	9.081024
28398790	ACC	0.17242432	3.9082947	9.119354
28398800	ACC	0.19158936	3.9082947	9.061874
28398809	ACC	0.19158936	3.9274445	8.985245
28398819	ACC	0.19158936	3.8891296	8.927765
28398829	ACC	0.17242432	3.9657593	8.9086
28398839	ACC	0.15325928	3.9466095	8.985245
28398849	ACC	0.15325928	3.9849243	8.96608
28398859	ACC	0.17242432	3.9849243	8.985245
28398869	ACC	0.21073914	3.9657593	8.9086
28398878	ACC	0.21073914	3.9466095	8.927765
28398888	ACC	0.268219	3.9657593	8.946915
28398898	ACC	0.24905396	3.9466095	8.9086
28398908	ACC	0.268219	3.9274445	8.96608
28398918	ACC	0.268219	3.9657593	8.96608
28398928	ACC	0.24905396	3.9849243	8.946915
28398938	ACC	0.268219	4.0040894	8.9086
28398947	ACC	0.24905396	3.9849243	8.927765
28398957	ACC	0.21073914	3.9466095	8.81282
28398967	ACC	0.21073914	4.023239	8.851135
28398977	ACC	0.24905396	4.023239	8.870285
28398987	ACC	0.24905396	4.0040894	8.9086
28398997	ACC	0.28736877	3.9849243	8.870285
28399007	ACC	0.34484863	4.0040894	8.83197
28399016	ACC	0.28736877	3.9657593	8.870285
28399026	ACC	0.28736877	3.9466095	8.96608
28399036	ACC	0.268219	3.9849243	8.985245
28399046	ACC	0.268219	3.9274445	9.061874
28399056	ACC	0.24905396	3.9274445	9.02356
28399066	ACC	0.268219	3.9466095	8.985245
28399076	ACC	0.28736877	3.9657593	8.927765
28399085	ACC	0.3065338	3.9849243	8.946915
28399095	ACC	0.3256836	4.0040894	8.88945
28399105	ACC	0.268219	4.0040894	8.870285
28399115	ACC	0.268219	3.9657593	8.870285
28399125	ACC	0.24905396	3.9657593	8.83197
28399135	ACC	0.21073914	3.9849243	8.77449
28399145	ACC	0.21073914	4.042404	8.755341
28399155	ACC	0.22990417	4.080719	8.793655
28399164	ACC	0.268219	4.099869	8.793655
28399174	ACC	0.28736877	4.023239	8.851135
28399184	ACC	0.28736877	4.0040894	8.927765
28399194	ACC	0.268219	3.9274445	9.061874
28399204	ACC	0.24905396	3.831665	9.042709
28399214	ACC	0.19158936	3.7741852	9.119354
28399224	ACC	0.21073914	3.8508148	9.157669
28399233	ACC	0.21073914	3.8891296	9.215134
28399243	ACC	0.268219	3.9082947	9.138504
28399253	ACC	0.24905396	3.9082947	9.061874
28399263	ACC	0.28736877	3.9082947	9.004395
28399273	ACC	0.268219	3.9466095	8.946915
28399283	ACC	0.268219	4.042404	8.88945
28399293	ACC	0.268219	4.061554	8.851135
28399302	ACC	0.268219	4.061554	8.83197
28399312	ACC	0.268219	4.061554	8.755341
28399322	ACC	0.21073914	3.9849243	8.851135
28399332	ACC	0.22990417	4.042404	8.88945
28399342	ACC	0.19158936	4.0040894	8.927765
28399352	ACC	0.17242432	3.9849243	8.9086
28399362	ACC	0.22990417	4.0040894	8.9086
28399371	ACC	0.268219	4.0040894	8.927765
28399381	ACC	0.268219	4.0040894	8.88945
28399391	ACC	0.268219	3.9657593	8.985245
28399401	ACC	0.28736877	3.9849243	8.9086
28399411	ACC	0.3065338	4.0040894	8.9086
28399421	ACC	0.34484863	4.0040894	8.946915
28399431	ACC	0.3256836	3.9849243	8.946915
28399441	ACC	0.3065338	3.9849243	8.946915
28399450	ACC	0.3256836	3.9849243	9.004395
28399460	ACC	0.268219	3.9466095	8.985245
28399470	ACC	0.3256836	3.9657593	8.946915
28399480	ACC	0.3256836	3.9657593	9.02356
28399490	ACC	0.28736877	4.0040894	9.081024
28399500	ACC	0.3256836	4.0040894	9.004395
28399510	ACC	0.38316345	4.023239	8.985245
28399519	ACC	0.34484863	4.023239	8.88945
28399529	ACC	0.36401367	4.023239	8.83197
28399539	ACC	0.34484863	4.0040894	8.870285
28399549	ACC	0.42147827	4.042404	8.851135
28399559	ACC	0.3256836	4.042404	8.9086
28399569	ACC	0.38316345	4.0040894	8.851135
28399579	ACC	0.34484863	4.023239	8.88945
28399589	ACC	0.34484863	4.023239	8.88945
28399598	ACC	0.3256836	4.0040894	8.88945
28399608	ACC	0.34484863	4.0040894	8.851135
28399618	ACC	0.3065338	3.9849243	8.946915
28399628	ACC	0.3065338	4.0040894	8.870285
28399628	GPS	-7.8322687	110.42504	121.972534
28399638	ACC	0.34484863	4.023239	8.83197
28399648	ACC	0.3256836	4.0040894	8.83197
28399658	ACC	0.34484863	4.0040894	8.81282
28399667	ACC	0.28736877	4.023239	8.870285
28399677	ACC	0.3065338	3.9849243	8.9086
28399687	ACC	0.28736877	4.0040894	8.88945
28399697	ACC	0.3256836	4.023239	8.83197
28399707	ACC	0.34484863	3.9466095	8.83197
28399717	ACC	0.3256836	3.9466095	8.9086
28399727	ACC	0.268219	3.9849243	8.96608
28399736	ACC	0.24905396	4.0040894	8.96608
28399746	ACC	0.268219	4.0040894	8.927765
28399756	ACC	0.28736877	3.9466095	8.870285
28399766	ACC	0.22990417	3.9849243	8.83197
28399776	ACC	0.19158936	4.023239	8.81282
28399786	ACC	0.21073914	4.099869	8.77449
28399796	ACC	0.22990417	4.099869	8.9086
28399806	ACC	0.28736877	4.061554	8.946915
28399815	ACC	0.3256836	4.042404	9.004395
28399825	ACC	0.28736877	3.9466095	9.02356
28399835	ACC	0.3065338	3.9082947	9.004395
28399845	ACC	0.22990417	3.9274445	9.004395
28399855	ACC	0.22990417	3.9657593	9.02356
28399865	ACC	0.21073914	4.0040894	9.061874
28399875	ACC	0.268219	3.9849243	9.100189
28399884	ACC	0.34484863	3.9849243	8.985245
28399894	ACC	0.3256836	4.023239	8.96608
28399904	ACC	0.38316345	4.042404	8.9086
28399914	ACC	0.3065338	4.042404	8.793655
28399924	ACC	0.3256836	4.061554	8.77449
28399934	ACC	0.34484863	4.080719	8.81282
28399944	ACC	0.3256836	4.023239	8.851135
28399953	ACC	0.3256836	3.9849243	8.870285
28399963	ACC	0.3065338	3.9849243	8.946915
28399973	ACC	0.24905396	4.0040894	8.927765
28399983	ACC	0.22990417	3.9849243	8.927765
28399993	ACC	0.28736877	4.0040894	8.9086
28400003	ACC	0.28736877	4.0040894	8.9086
28400013	ACC	0.34484863	3.9849243	8.870285
28400022	ACC	0.3256836	3.9657593	8.83197
28400032	ACC	0.3256836	3.9849243	8.870285
28400042	ACC	0.28736877	4.0040894	8.946915
28400052	ACC	0.22990417	3.9657593	8.96608
28400062	ACC	0.22990417	3.9849243	8.9086
28400072	ACC	0.268219	3.9466095	8.9086
28400082	ACC	0.24905396	3.9274445	8.927765
28400092	ACC	0.28736877	3.9274445	8.985245
28400101	ACC	0.28736877	3.9466095	8.96608
28400111	ACC	0.24905396	3.9466095	9.061874
28400121	ACC	0.28736877	3.9849243	9.042709
28400131	ACC	0.3065338	4.042404	9.061874
28400141	ACC	0.34484863	4.023239	8.946915
28400151	ACC	0.34484863	4.023239	8.9086
28400161	ACC	0.38316345	4.023239	8.851135
28400170	ACC	0.36401367	4.023239	8.83197
28400180	ACC	0.3065338	4.023239	8.88945
28400190	ACC	0.3065338	4.080719	8.946915
28400200	ACC	0.28736877	4.080719	8.927765
28400210	ACC	0.3065338	4.0040894	8.927765
28400220	ACC	0.3256836	3.9849243	8.96608
28400230	ACC	0.36401367	3.9849243	8.927765
28400239	ACC	0.34484863	3.9466095	8.96608
28400249	ACC	0.36401367	3.9657593	9.042709
28400259	ACC	0.3065338	3.9657593	9.004395
28400269	ACC	0.28736877	3.9849243	9.061874
28400279	ACC	0.3256836	3.9849243	9.004395
28400289	ACC	0.3065338	3.9849243	8.946915
28400299	ACC	0.3065338	3.9657593	8.927765
28400309	ACC	0.28736877	3.9466095	8.985245
28400318	ACC	0.24905396	3.9274445	8.985245
28400328	ACC	0.268219	3.9274445	8.927765
28400338	ACC	0.22990417	3.9466095	8.946915
28400348	ACC	0.3065338	3.9466095	8.88945
28400358	ACC	0.3065338	3.9082947	8.96608
28400368	ACC	0.3065338	3.9466095	8.927765
28400378	ACC	0.3256836	3.9657593	8.870285
28400387	ACC	0.3256836	3.9466095	8.851135
28400397	ACC	0.24905396	3.9657593	8.88945
28400407	ACC	0.22990417	3.9657593	8.88945
28400417	ACC	0.24905396	3.9849243	8.927765
28400427	ACC	0.28736877	4.023239	8.946915
28400437	ACC	0.28736877	3.9849243	9.004395
28400447	ACC	0.36401367	3.9849243	8.96608
28400457	ACC	0.3256836	3.9274445	8.9086
28400466	ACC	0.3256836	3.9082947	8.985245
28400476	ACC	0.3065338	3.9274445	9.004395
28400486	ACC	0.24905396	3.9466095	9.042709
28400496	ACC	0.268219	3.9657593	9.081024
28400506	ACC	0.268219	3.9274445	9.061874
28400516	ACC	0.3065338	3.9657593	9.100189
28400526	ACC	0.36401367	3.9466095	9.004395
28400535	ACC	0.38316345	3.9849243	8.927765
28400545	ACC	0.42147827	4.0040894	8.9086
28400555	ACC	0.36401367	4.042404	8.851135
28400565	ACC	0.34484863	4.023239	8.81282
28400575	ACC	0.34484863	4.0040894	8.870285
28400585	ACC	0.3256836	4.042404	8.870285
28400595	ACC	0.3256836	4.0040894	8.927765
28400604	ACC	0.268219	3.9849243	8.870285
28400614	ACC	0.24905396	4.0040894	8.88945
28400624	ACC	0.21073914	3.9849243	8.9086
28400624	GPS	-7.8322687	110.42504	122.028625
28400634	ACC	0.19158936	4.0040894	8.927765
28400644	ACC	0.19158936	3.9466095	8.9086
28400654	ACC	0.15325928	3.9466095	8.9086
28400664	ACC	0.19158936	3.9466095	8.985245
28400674	ACC	0.19158936	3.9657593	8.946915
28400683	ACC	0.19158936	3.9274445	8.9086
28400693	ACC	0.19158936	3.9274445	8.946915
28400703	ACC	0.19158936	3.9082947	8.946915
28400713	ACC	0.21073914	3.8891296	9.004395
28400723	ACC	0.22990417	3.9274445	8.985245
28400733	ACC	0.22990417	3.9082947	9.042709
28400743	ACC	0.24905396	3.9082947	9.061874
28400752	ACC	0.21073914	3.9849243	9.004395
28400762	ACC	0.17242432	3.9657593	8.9086
28400772	ACC	0.268219	4.023239	8.870285
28400782	ACC	0.268219	4.023239	8.83197
28400792	ACC	0.28736877	4.023239	8.870285
28400802	ACC	0.3065338	4.023239	8.81282
28400812	ACC	0.3065338	4.023239	8.88945
28400822	ACC	0.28736877	4.023239	8.851135
28400831	ACC	0.3065338	4.023239	8.9086
28400841	ACC	0.24905396	3.9849243	9.081024
28400851	ACC	0.24905396	4.0040894	8.985245
28400861	ACC	0.268219	4.0040894	8.927765
28400871	ACC	0.3065338	3.9849243	8.96608
28400881	ACC	0.3065338	3.9849243	8.946915
28400891	ACC	0.24905396	3.9466095	8.946915
28400900	ACC	0.24905396	3.9466095	8.96608
28400910	ACC	0.3065338	3.9466095	8.927765
28400920	ACC	0.24905396	3.9657593	8.96608
28400930	ACC	0.28736877	3.9849243	8.96608
28400940	ACC	0.24905396	3.9657593	8.985245
28400950	ACC	0.22990417	3.9274445	8.985245
28400960	ACC	0.22990417	3.9657593	9.004395
28400970	ACC	0.24905396	3.9466095	9.061874
28400979	ACC	0.24905396	3.9466095	9.02356
28400989	ACC	0.268219	3.9466095	8.9086
28400999	ACC	0.28736877	3.9849243	8.9086
28401009	ACC	0.21073914	3.8891296	8.96608
28401019	ACC	0.1341095	3.9849243	8.88945
28401029	ACC	0.15325928	3.9657593	8.88945
28401039	ACC	0.17242432	4.0040894	8.870285
28401048	ACC	0.268219	4.099869	8.77449
28401058	ACC	0.268219	4.099869	8.81282
28401068	ACC	0.3256836	4.042404	8.870285
28401078	ACC	0.3256836	3.9849243	8.88945
28401088	ACC	0.24905396	3.9082947	8.985245
28401098	ACC	0.19158936	3.9082947	9.100189
28401108	ACC	0.1341095	3.8699799	9.119354
28401118	ACC	0.17242432	3.8891296	9.176819
28401127	ACC	0.19158936	3.8891296	9.234299
28401137	ACC	0.3065338	3.9466095	9.138504
28401147	ACC	0.36401367	3.9274445	9.061874
28401157	ACC	0.38316345	3.9274445	9.061874
28401167	ACC	0.3065338	3.9274445	8.985245
28401177	ACC	0.268219	3.9849243	8.88945
28401187	ACC	0.21073914	4.023239	8.851135
28401196	ACC	0.17242432	4.042404	8.77449
28401206	ACC	0.24905396	4.023239	8.851135
28401216	ACC	0.24905396	4.0040894	8.793655
28401226	ACC	0.24905396	4.0040894	8.851135
28401236	ACC	0.21073914	3.9657593	8.927765
28401246	ACC	0.19158936	3.9657593	8.9086
28401256	ACC	0.22990417	3.9466095	8.88945
28401266	ACC	0.21073914	3.9466095	8.927765
28401275	ACC	0.21073914	3.9657593	8.927765
28401285	ACC	0.22990417	3.9466095	8.946915
28401295	ACC	0.24905396	3.9466095	8.9086
28401305	ACC	0.24905396	3.9466095	8.88945
28401315	ACC	0.24905396	3.9274445	8.88945
28401325	ACC	0.22990417	3.9466095	8.96608
28401335	ACC	0.21073914	3.9657593	8.870285
28401344	ACC	0.24905396	3.9274445	8.927765
28401354	ACC	0.22990417	3.8699799	8.96608
28401364	ACC	0.24905396	3.8699799	8.946915
28401374	ACC	0.268219	3.9082947	9.004395
28401384	ACC	0.3065338	3.9466095	8.985245
28401394	ACC	0.34484863	3.9466095	8.985245
28401404	ACC	0.34484863	3.9274445	8.927765
28401414	ACC	0.3256836	3.9082947	8.851135
28401423	ACC	0.3256836	4.0040894	8.83197
28401433	ACC	0.28736877	4.0040894	8.851135
28401443	ACC	0.268219	4.0040894	8.851135
28401453	ACC	0.268219	4.0040894	8.851135
28401463	ACC	0.268219	3.9657593	8.88945
28401473	ACC	0.268219	4.0040894	8.9086
28401483	ACC	0.28736877	4.061554	8.88945
28401492	ACC	0.34484863	4.0040894	8.9086
28401502	ACC	0.38316345	3.9849243	8.946915
28401512	ACC	0.4023285	3.9657593	8.9086
28401522	ACC	0.42147827	3.9849243	8.96608
28401532	ACC	0.4023285	4.0040894	8.985245
28401542	ACC	0.36401367	4.042404	9.02356
28401552	ACC	0.3256836	4.042404	9.042709
28401562	ACC	0.3065338	3.9657593	9.061874
28401571	ACC	0.28736877	3.9657593	9.004395
28401581	ACC	0.3065338	4.0040894	8.96608
28401591	ACC	0.24905396	3.9849243	9.02356
28401601	ACC	0.28736877	3.9657593	9.02356
28401611	ACC	0.268219	3.9849243	9.02356
28401621	ACC	0.3065338	4.0040894	8.96608
28401631	ACC	0.3065338	3.9466095	9.042709
28401631	GPS	-7.832268	110.42504	121.96533
28401640	ACC	0.28736877	3.9274445	9.042709
28401650	ACC	0.22990417	3.9274445	9.061874
28401660	ACC	0.21073914	3.9466095	8.985245
28401670	ACC	0.22990417	3.9657593	8.985245
28401680	ACC	0.28736877	4.023239	8.985245
28401690	ACC	0.268219	4.023239	8.96608
28401700	ACC	0.28736877	4.0040894	8.96608
28401710	ACC	0.34484863	3.9849243	9.004395
28401719	ACC	0.3256836	3.9082947	8.985245
28401729	ACC	0.24905396	3.9082947	9.061874
28401739	ACC	0.19158936	3.8699799	9.061874
28401749	ACC	0.1341095	3.8699799	9.004395
28401759	ACC	0.15325928	3.8891296	8.88945
28401769	ACC	0.05747986	3.8891296	8.88945
28401779	ACC	0.05747986	3.9466095	9.042709
28401788	ACC	0.05747986	3.9466095	8.96608
28401798	ACC	0.15325928	3.9849243	9.02356
28401808	ACC	0.17242432	3.9274445	8.985245
28401818	ACC	0.21073914	4.023239	8.927765
28401828	ACC	0.22990417	4.042404	9.02356
28401838	ACC	0.28736877	4.023239	8.985245
28401848	ACC	0.3065338	4.023239	8.793655
28401858	ACC	0.38316345	3.9274445	8.602066
28401867	ACC	0.4023285	3.9082947	8.506287
28401877	ACC	0.4406433	3.9274445	8.659546
28401887	ACC	0.38316345	4.023239	8.755341
28401897	ACC	0.36401367	4.061554	8.9086
28401907	ACC	0.34484863	4.099869	8.946915
28401917	ACC	0.34484863	4.099869	8.946915
28401927	ACC	0.38316345	4.1381836	8.9086
28401936	ACC	0.42147827	4.1381836	8.946915
28401946	ACC	0.49812317	4.1381836	8.927765
28401956	ACC	0.49812317	4.119034	9.119354
28401966	ACC	0.47895813	4.023239	9.176819
28401976	ACC	0.49812317	4.0040894	9.215134
28401986	ACC	0.4597931	3.9657593	9.195984
28401996	ACC	0.4406433	3.9657593	9.176819
28402005	ACC	0.34484863	4.042404	9.138504
28402015	ACC	0.36401367	4.080719	9.100189
28402025	ACC	0.38316345	4.119034	8.96608
28402035	ACC	0.4406433	4.1573486	8.736176
28402045	ACC	0.42147827	4.1956635	8.717026
28402055	ACC	0.4023285	4.2531433	8.621231
28402065	ACC	0.36401367	4.2339783	8.697861
28402074	ACC	0.34484863	4.1765137	8.755341
28402084	ACC	0.36401367	4.1573486	8.755341
28402094	ACC	0.36401367	4.080719	8.927765
28402104	ACC	0.3256836	4.080719	8.946915
28402114	ACC	0.3256836	4.080719	8.946915
28402124	ACC	0.36401367	4.061554	8.9086
28402134	ACC	0.42147827	4.080719	8.83197
28402144	ACC	0.42147827	4.099869	8.793655
28402153	ACC	0.38316345	4.099869	8.755341
28402163	ACC	0.34484863	4.080719	8.793655
28402173	ACC	0.3256836	4.099869	8.755341
28402183	ACC	0.3065338	4.099869	8.81282
28402193	ACC	0.24905396	4.099869	8.851135
28402203	ACC	0.22990417	4.061554	8.870285
28402213	ACC	0.28736877	4.042404	8.83197
28402222	ACC	0.3065338	4.042404	8.9086
28402232	ACC	0.28736877	4.023239	8.96608
28402242	ACC	0.34484863	4.042404	8.96608
28402252	ACC	0.36401367	4.080719	8.927765
28402262	ACC	0.3256836	4.080719	8.870285
28402272	ACC	0.28736877	4.042404	8.851135
28402282	ACC	0.24905396	4.080719	8.927765
28402292	ACC	0.17242432	4.061554	8.946915
28402301	ACC	0.21073914	4.099869	8.851135
28402311	ACC	0.17242432	4.119034	8.83197
28402321	ACC	0.21073914	4.1573486	8.83197
28402331	ACC	0.24905396	4.2148285	8.83197
28402341	ACC	0.28736877	4.1765137	8.927765
28402351	ACC	0.3256836	4.119034	8.985245
28402361	ACC	0.4023285	4.023239	9.042709
28402370	ACC	0.4023285	4.023239	9.004395
28402380	ACC	0.36401367	4.023239	8.927765
28402390	ACC	0.36401367	4.080719	8.927765
28402400	ACC	0.34484863	4.1381836	8.985245
28402410	ACC	0.3256836	4.099869	8.96608
28402420	ACC	0.34484863	4.119034	8.985245
28402430	ACC	0.3065338	4.1381836	8.96608
28402439	ACC	0.3065338	4.1573486	8.9086
28402449	ACC	0.28736877	4.1765137	8.870285
28402459	ACC	0.3065338	4.1573486	8.77449
28402469	ACC	0.36401367	4.1381836	8.755341
28402479	ACC	0.4023285	4.119034	8.793655
28402489	ACC	0.4023285	4.1381836	8.83197
28402499	ACC	0.36401367	4.099869	8.927765
28402509	ACC	0.3065338	4.099869	8.870285
28402518	ACC	0.268219	4.099869	8.88945
28402528	ACC	0.24905396	4.061554	8.870285
28402538	ACC	0.21073914	4.061554	8.851135
28402548	ACC	0.1341095	4.099869	8.9086
28402558	ACC	0.19158936	4.119034	8.88945
28402568	ACC	0.24905396	4.099869	8.851135
28402578	ACC	0.3065338	4.099869	8.851135
28402587	ACC	0.28736877	4.099869	8.88945
28402597	ACC	0.21073914	4.080719	8.927765
28402607	ACC	0.24905396	4.042404	9.004395
28402617	ACC	0.22990417	4.023239	9.004395
28402627	ACC	0.28736877	4.023239	8.946915
28402637	ACC	0.28736877	4.080719	8.985245
28402647	ACC	0.3065338	4.1381836	8.83197
28402656	ACC	0.3065338	4.1381836	8.870285
28402656	GPS	-7.8322687	110.42504	122.02222
28402666	ACC	0.3256836	4.1765137	8.81282
28402676	ACC	0.3065338	4.1381836	8.83197
28402686	ACC	0.36401367	4.1765137	8.81282
28402696	ACC	0.38316345	4.1381836	8.81282
28402706	ACC	0.38316345	4.1381836	8.755341
28402716	ACC	0.36401367	4.119034	8.83197
28402726	ACC	0.36401367	4.1381836	8.81282
28402735	ACC	0.3256836	4.099869	8.88945
28402745	ACC	0.268219	4.119034	8.927765
28402755	ACC	0.28736877	4.099869	8.946915
28402765	ACC	0.268219	4.099869	8.96608
28402775	ACC	0.34484863	4.099869	9.02356
28402785	ACC	0.38316345	4.119034	8.96608
28402795	ACC	0.38316345	4.099869	8.927765
28402804	ACC	0.38316345	4.080719	8.88945
28402814	ACC	0.4023285	4.080719	8.88945
28402824	ACC	0.4023285	4.080719	8.946915
28402834	ACC	0.3065338	4.119034	8.946915
28402844	ACC	0.24905396	4.099869	8.9086
28402854	ACC	0.28736877	4.1573486	8.870285
28402864	ACC	0.28736877	4.119034	8.83197
28402874	ACC	0.24905396	4.080719	8.88945
28402883	ACC	0.28736877	4.1381836	8.870285
28402893	ACC	0.3065338	4.119034	8.870285
28402903	ACC	0.34484863	4.099869	8.927765
28402913	ACC	0.4023285	4.119034	8.870285
28402923	ACC	0.36401367	4.080719	8.88945
28402933	ACC	0.3256836	4.099869	8.870285
28402943	ACC	0.34484863	4.099869	8.851135
28402952	ACC	0.3256836	4.1765137	8.793655
28402962	ACC	0.3065338	4.2148285	8.851135
28402972	ACC	0.3065338	4.1956635	8.83197
28402982	ACC	0.3256836	4.1956635	8.851135
28402992	ACC	0.36401367	4.1573486	8.870285
28403002	ACC	0.36401367	4.061554	8.946915
28403012	ACC	0.34484863	4.042404	8.946915
28403021	ACC	0.28736877	4.023239	9.061874
28403031	ACC	0.24905396	4.042404	9.081024
28403041	ACC	0.3256836	4.042404	9.119354
28403051	ACC	0.3065338	4.080719	9.081024
28403061	ACC	0.3065338	4.061554	9.081024
28403071	ACC	0.36401367	4.080719	9.004395
28403081	ACC	0.36401367	4.080719	8.927765
28403091	ACC	0.3256836	4.061554	8.793655
28403100	ACC	0.3065338	4.1381836	8.755341
28403110	ACC	0.3065338	4.1765137	8.755341
28403120	ACC	0.268219	4.1956635	8.717026
28403130	ACC	0.3256836	4.1765137	8.755341
28403140	ACC	0.268219	4.119034	8.77449
28403150	ACC	0.24905396	4.119034	8.851135
28403160	ACC	0.22990417	4.080719	8.851135
28403169	ACC	0.19158936	4.080719	8.9086
28403179	ACC	0.21073914	4.119034	8.9086
28403189	ACC	0.22990417	4.061554	8.9086
28403199	ACC	0.24905396	4.080719	8.88945
28403209	ACC	0.24905396	4.061554	8.946915
28403219	ACC	0.3256836	4.023239	8.927765
28403229	ACC	0.28736877	4.080719	8.9086
28403238	ACC	0.24905396	4.061554	8.88945
28403248	ACC	0.19158936	4.099869	8.96608
28403258	ACC	0.17242432	4.080719	9.004395
28403268	ACC	0.21073914	4.099869	8.927765
28403278	ACC	0.268219	4.080719	8.927765
28403288	ACC	0.36401367	4.099869	8.88945
28403298	ACC	0.38316345	4.1381836	8.870285
28403307	ACC	0.4023285	4.1956635	8.851135
28403317	ACC	0.42147827	4.1765137	8.81282
28403327	ACC	0.4597931	4.1765137	8.83197
28403337	ACC	0.4023285	4.1765137	8.77449
28403347	ACC	0.4406433	4.1956635	8.697861
28403357	ACC	0.47895813	4.1956635	8.793655
28403367	ACC	0.4597931	4.1765137	8.870285
28403377	ACC	0.4406433	4.080719	8.946915
28403386	ACC	0.38316345	4.042404	8.985245
28403396	ACC	0.4023285	4.042404	8.946915
28403406	ACC	0.34484863	4.042404	9.042709
28403416	ACC	0.28736877	4.0040894	9.02356
28403426	ACC	0.34484863	4.042404	9.042709
28403436	ACC	0.34484863	4.0040894	9.061874
28403446	ACC	0.34484863	4.0040894	8.985245
28403455	ACC	0.3256836	4.042404	8.985245
28403465	ACC	0.3065338	4.061554	8.96608
28403475	ACC	0.268219	4.061554	8.946915
28403485	ACC	0.24905396	4.061554	8.88945
28403495	ACC	0.24905396	3.9849243	8.81282
28403505	ACC	0.22990417	4.023239	8.81282
28403515	ACC	0.21073914	4.061554	8.851135
28403525	ACC	0.21073914	4.061554	8.870285
28403534	ACC	0.22990417	4.080719	8.83197
28403544	ACC	0.268219	4.080719	8.88945
28403554	ACC	0.3256836	4.080719	8.870285
28403564	ACC	0.28736877	4.061554	8.946915
28403574	ACC	0.24905396	4.042404	8.9086
28403584	ACC	0.22990417	4.023239	8.96608
28403594	ACC	0.268219	4.080719	8.851135
28403603	ACC	0.24905396	4.061554	8.927765
28403613	ACC	0.21073914	4.119034	8.96608
28403623	ACC	0.22990417	4.1381836	8.946915
28403633	ACC	0.268219	4.099869	9.004395
28403643	ACC	0.3065338	4.119034	9.042709
28403653	ACC	0.28736877	4.061554	9.02356
28403653	GPS	-7.8322687	110.42504	122.04108
28403663	ACC	0.3065338	4.023239	9.004395
28403672	ACC	0.36401367	4.0040894	8.985245
28403682	ACC	0.36401367	4.023239	8.985245
28403692	ACC	0.34484863	4.042404	8.96608
28403702	ACC	0.34484863	4.061554	9.004395
28403712	ACC	0.36401367	4.080719	8.985245
28403722	ACC	0.34484863	4.119034	8.946915
28403732	ACC	0.34484863	4.1573486	8.927765
28403742	ACC	0.38316345	4.119034	8.83197
28403751	ACC	0.38316345	4.119034	8.755341
28403761	ACC	0.38316345	4.080719	8.736176
28403771	ACC	0.34484863	4.1381836	8.717026
28403781	ACC	0.3065338	4.119034	8.755341
28403791	ACC	0.3065338	4.099869	8.793655
28403801	ACC	0.268219	4.099869	8.851135
28403811	ACC	0.28736877	4.061554	8.870285
28403820	ACC	0.3256836	4.099869	8.870285
28403830	ACC	0.3256836	4.023239	8.870285
28403840	ACC	0.28736877	4.042404	8.851135
28403850	ACC	0.268219	4.061554	8.88945
28403860	ACC	0.268219	4.061554	9.02356
28403870	ACC	0.24905396	4.042404	9.042709
28403880	ACC	0.268219	4.0040894	8.985245
28403890	ACC	0.3065338	3.9849243	9.004395
28403899	ACC	0.3065338	3.9849243	8.985245
28403909	ACC	0.28736877	4.023239	9.02356
28403919	ACC	0.268219	4.042404	9.081024
28403929	ACC	0.28736877	4.0040894	9.042709
28403939	ACC	0.268219	4.023239	9.042709
28403949	ACC	0.3065338	4.023239	8.96608
28403959	ACC	0.28736877	4.080719	9.004395
28403968	ACC	0.3065338	4.119034	8.927765
28403978	ACC	0.3256836	4.119034	8.96608
28403988	ACC	0.36401367	4.099869	8.9086
28403998	ACC	0.36401367	4.119034	8.81282
28404008	ACC	0.3256836	4.099869	8.81282
28404018	ACC	0.24905396	4.099869	8.83197
28404028	ACC	0.24905396	4.099869	8.870285
28404038	ACC	0.268219	4.1381836	8.88945
28404047	ACC	0.3065338	4.080719	8.88945
28404057	ACC	0.3256836	4.099869	8.83197
28404067	ACC	0.34484863	4.061554	8.83197
28404077	ACC	0.3065338	4.023239	8.9086
28404087	ACC	0.3065338	4.023239	8.96608
28404097	ACC	0.3065338	4.042404	9.061874
28404107	ACC	0.3256836	3.9849243	9.042709
28404116	ACC	0.34484863	3.9849243	9.004395
28404126	ACC	0.38316345	4.0040894	8.927765
28404136	ACC	0.3256836	4.0040894	8.946915
28404146	ACC	0.3256836	4.0040894	8.9086
28404156	ACC	0.28736877	3.9849243	8.946915
28404166	ACC	0.3065338	4.023239	8.96608
28404176	ACC	0.28736877	4.023239	8.96608
28404185	ACC	0.28736877	4.023239	8.9086
28404195	ACC	0.3065338	4.023239	8.870285
28404205	ACC	0.36401367	4.042404	8.88945
28404215	ACC	0.38316345	4.042404	8.927765
28404225	ACC	0.4023285	4.0040894	8.870285
28404235	ACC	0.34484863	4.080719	8.83197
28404245	ACC	0.3065338	4.042404	8.88945
28404255	ACC	0.28736877	4.099869	8.851135
28404264	ACC	0.28736877	4.1381836	8.851135
28404274	ACC	0.3256836	4.119034	8.88945
28404284	ACC	0.34484863	4.080719	8.9086
28404294	ACC	0.38316345	4.061554	8.88945
28404304	ACC	0.4023285	4.0040894	8.96608
28404314	ACC	0.4023285	4.023239	9.042709
28404324	ACC	0.36401367	3.9849243	9.061874
28404333	ACC	0.3256836	3.9657593	9.081024
28404343	ACC	0.3065338	3.9466095	9.119354
28404353	ACC	0.34484863	4.023239	9.119354
28404363	ACC	0.38316345	4.061554	9.061874
28404373	ACC	0.42147827	4.080719	8.985245
28404383	ACC	0.42147827	4.061554	8.88945
28404393	ACC	0.36401367	4.061554	8.870285
28404402	ACC	0.3256836	4.061554	8.870285
28404412	ACC	0.3065338	4.080719	8.83197
28404422	ACC	0.3256836	4.080719	8.77449
28404432	ACC	0.3065338	4.042404	8.88945
28404442	ACC	0.268219	4.042404	8.946915
28404452	ACC	0.3065338	4.042404	8.9086
28404462	ACC	0.3065338	4.023239	8.96608
28404472	ACC	0.36401367	3.9849243	8.96608
28404481	ACC	0.3256836	3.9849243	8.9086
28404491	ACC	0.3065338	4.0040894	8.927765
28404501	ACC	0.268219	4.042404	8.927765
28404511	ACC	0.24905396	4.042404	8.88945
28404521	ACC	0.268219	3.9849243	8.88945
28404531	ACC	0.3256836	3.9849243	8.927765
28404541	ACC	0.36401367	3.9849243	8.870285
28404550	ACC	0.38316345	3.9849243	8.88945
28404560	ACC	0.38316345	3.9657593	8.96608
28404570	ACC	0.36401367	3.9849243	8.946915
28404580	ACC	0.3256836	3.9657593	9.02356
28404590	ACC	0.3256836	4.023239	9.042709
28404600	ACC	0.3256836	4.0040894	9.02356
28404610	ACC	0.36401367	4.042404	8.9086
28404619	ACC	0.4023285	4.042404	8.88945
28404629	ACC	0.42147827	4.061554	8.83197
28404629	GPS	-7.8322687	110.42504	122.07745
28404639	ACC	0.42147827	4.080719	8.77449
28404649	ACC	0.4023285	4.061554	8.793655
28404659	ACC	0.4023285	4.080719	8.81282
28404669	ACC	0.38316345	4.061554	8.9086
28404679	ACC	0.4023285	4.099869	8.870285
28404688	ACC	0.4023285	4.080719	8.9086
28404698	ACC	0.4023285	4.080719	8.927765
28404708	ACC	0.4597931	4.080719	8.927765
28404718	ACC	0.42147827	4.042404	9.004395
28404728	ACC	0.42147827	4.080719	9.042709
28404738	ACC	0.42147827	4.042404	9.042709
28404748	ACC	0.4023285	4.061554	8.96608
28404758	ACC	0.36401367	4.042404	9.02356
28404767	ACC	0.34484863	4.023239	9.02356
28404777	ACC	0.36401367	4.061554	9.004395
28404787	ACC	0.38316345	4.080719	8.985245
28404797	ACC	0.3256836	4.099869	8.88945
28404807	ACC	0.34484863	4.099869	8.851135
28404817	ACC	0.3256836	4.061554	8.870285
28404827	ACC	0.28736877	4.061554	8.88945
28404836	ACC	0.28736877	4.042404	8.96608
28404846	ACC	0.3256836	4.061554	8.870285
28404856	ACC	0.28736877	4.080719	8.96608
28404866	ACC	0.34484863	4.042404	8.96608
28404876	ACC	0.36401367	4.023239	8.946915
28404886	ACC	0.36401367	4.023239	8.946915
28404896	ACC	0.36401367	4.042404	8.9086
28404905	ACC	0.36401367	4.042404	8.870285
28404915	ACC	0.28736877	4.061554	8.77449
28404925	ACC	0.268219	4.119034	8.755341
28404935	ACC	0.22990417	4.1573486	8.851135
28404945	ACC	0.268219	4.1765137	8.83197
28404955	ACC	0.3256836	4.1573486	8.83197
28404965	ACC	0.38316345	4.099869	8.946915
28404974	ACC	0.34484863	4.042404	8.88945
28404984	ACC	0.38316345	4.023239	8.927765
28404994	ACC	0.36401367	3.9849243	9.02356
28405004	ACC	0.38316345	4.061554	9.061874
28405014	ACC	0.38316345	4.061554	9.195984
28405024	ACC	0.36401367	4.061554	9.157669
28405034	ACC	0.4597931	4.099869	8.96608
28405044	ACC	0.4597931	4.1765137	8.9086
28405053	ACC	0.4597931	4.1956635	8.77449
28405063	ACC	0.4406433	4.2148285	8.697861
28405073	ACC	0.4406433	4.1573486	8.717026
28405083	ACC	0.42147827	4.1381836	8.717026
28405093	ACC	0.36401367	4.1765137	8.793655
28405103	ACC	0.36401367	4.1381836	8.9086
28405113	ACC	0.3256836	4.080719	8.927765
28405122	ACC	0.36401367	4.042404	9.004395
28405132	ACC	0.38316345	4.042404	8.96608
28405142	ACC	0.36401367	4.061554	8.946915
28405152	ACC	0.36401367	4.080719	8.870285
28405162	ACC	0.36401367	4.119034	8.88945
28405172	ACC	0.34484863	4.080719	8.946915
28405182	ACC	0.3065338	4.099869	8.927765
28405192	ACC	0.3065338	4.080719	8.9086
28405201	ACC	0.28736877	4.080719	8.851135
28405211	ACC	0.28736877	4.0040894	8.9086
28405221	ACC	0.268219	4.042404	8.946915
28405231	ACC	0.22990417	4.0040894	8.927765
28405241	ACC	0.268219	4.061554	8.9086
28405251	ACC	0.28736877	4.080719	8.9086
28405261	ACC	0.3256836	4.119034	8.88945
28405270	ACC	0.38316345	4.1381836	8.83197
28405280	ACC	0.4023285	4.1381836	8.83197
28405290	ACC	0.3256836	4.1573486	8.851135
28405300	ACC	0.4023285	4.1765137	8.755341
28405310	ACC	0.3256836	4.1573486	8.83197
28405320	ACC	0.3256836	4.1956635	8.83197
28405330	ACC	0.34484863	4.1956635	8.870285
28405339	ACC	0.38316345	4.1381836	8.9086
28405349	ACC	0.42147827	4.1381836	8.88945
28405359	ACC	0.42147827	4.1573486	8.9086
28405369	ACC	0.4023285	4.1381836	8.9086
28405379	ACC	0.4023285	4.1573486	8.927765
28405389	ACC	0.38316345	4.1765137	8.88945
28405399	ACC	0.36401367	4.1765137	8.88945
28405408	ACC	0.4406433	4.1956635	8.9086
28405418	ACC	0.38316345	4.1381836	8.870285
28405428	ACC	0.4406433	4.1381836	8.927765
28405438	ACC	0.38316345	4.1381836	8.88945
28405448	ACC	0.36401367	4.099869	8.9086
28405458	ACC	0.4023285	4.1381836	8.870285
28405468	ACC	0.42147827	4.099869	8.9086
28405478	ACC	0.4023285	4.099869	8.9086
28405487	ACC	0.38316345	4.099869	8.946915
28405497	ACC	0.3256836	4.119034	8.927765
28405507	ACC	0.34484863	4.1573486	8.88945
28405517	ACC	0.34484863	4.1381836	8.851135
28405527	ACC	0.36401367	4.1381836	8.77449
28405537	ACC	0.38316345	4.119034	8.81282
28405547	ACC	0.36401367	4.1381836	8.77449
28405556	ACC	0.34484863	4.1381836	8.755341
28405566	ACC	0.3065338	4.1381836	8.755341
28405576	ACC	0.22990417	4.1573486	8.736176
28405586	ACC	0.21073914	4.2148285	8.81282
28405596	ACC	0.24905396	4.2148285	8.851135
28405606	ACC	0.24905396	4.1956635	8.88945
28405616	ACC	0.3256836	4.1956635	8.870285
28405616	GPS	-7.8322687	110.42504	122.07593
28405625	ACC	0.34484863	4.119034	8.870285
28405635	ACC	0.3256836	4.119034	8.9086
28405645	ACC	0.3065338	4.099869	8.96608
28405655	ACC	0.22990417	4.099869	9.004395
28405665	ACC	0.22990417	4.1381836	9.061874
28405675	ACC	0.28736877	4.1573486	9.081024
28405685	ACC	0.3256836	4.1381836	9.061874
28405694	ACC	0.36401367	4.1765137	9.004395
28405704	ACC	0.42147827	4.1956635	8.88945
28405714	ACC	0.42147827	4.1956635	8.83197
28405724	ACC	0.38316345	4.1765137	8.81282
28405734	ACC	0.3256836	4.1956635	8.77449
28405744	ACC	0.3065338	4.1573486	8.793655
28405754	ACC	0.28736877	4.1573486	8.870285
28405763	ACC	0.28736877	4.1381836	8.870285
28405773	ACC	0.24905396	4.1381836	8.870285
28405783	ACC	0.24905396	4.119034	8.77449
28405793	ACC	0.28736877	4.1573486	8.83197
28405803	ACC	0.28736877	4.099869	8.83197
28405813	ACC	0.3256836	4.080719	8.83197
28405823	ACC	0.34484863	4.042404	8.96608
28405833	ACC	0.3065338	4.0040894	9.100189
28405842	ACC	0.38316345	4.042404	9.02356
28405852	ACC	0.38316345	4.023239	8.985245
28405862	ACC	0.3256836	3.9849243	9.042709
28405872	ACC	0.3065338	4.042404	8.985245
28405882	ACC	0.24905396	4.042404	8.927765
28405892	ACC	0.19158936	4.061554	8.870285
28405902	ACC	0.22990417	4.080719	8.81282
28405911	ACC	0.21073914	4.1765137	8.736176
28405921	ACC	0.21073914	4.1765137	8.81282
28405931	ACC	0.22990417	4.1765137	8.736176
28405941	ACC	0.3256836	4.1765137	8.793655
28405951	ACC	0.38316345	4.1381836	8.793655
28405961	ACC	0.38316345	4.099869	8.83197
28405971	ACC	0.36401367	4.080719	8.83197
28405980	ACC	0.3065338	4.080719	8.88945
28405990	ACC	0.268219	4.1381836	8.88945
28406000	ACC	0.24905396	4.119034	9.004395
28406010	ACC	0.268219	4.099869	8.985245
28406020	ACC	0.268219	4.023239	9.042709
28406030	ACC	0.3065338	4.042404	9.02356
28406040	ACC	0.3065338	4.080719	8.985245
28406049	ACC	0.3256836	4.080719	8.985245
28406059	ACC	0.34484863	4.099869	8.985245
28406069	ACC	0.36401367	4.099869	8.946915
28406079	ACC	0.3256836	4.061554	8.9086
28406089	ACC	0.3065338	4.061554	8.9086
28406099	ACC	0.22990417	4.080719	8.9086
28406109	ACC	0.21073914	4.1381836	8.927765
28406119	ACC	0.22990417	4.099869	8.946915
28406128	ACC	0.22990417	4.042404	8.96608
28406138	ACC	0.28736877	4.061554	8.870285
28406148	ACC	0.268219	4.061554	8.83197
28406158	ACC	0.3065338	4.080719	8.927765
28406168	ACC	0.34484863	4.080719	8.946915
28406178	ACC	0.38316345	4.119034	8.88945
28406188	ACC	0.4023285	4.061554	8.870285
28406197	ACC	0.34484863	4.080719	8.793655
28406207	ACC	0.3256836	4.099869	8.793655
28406217	ACC	0.24905396	4.119034	8.755341
28406227	ACC	0.24905396	4.1765137	8.81282
28406237	ACC	0.3065338	4.1381836	8.717026
28406247	ACC	0.36401367	4.1765137	8.77449
28406257	ACC	0.38316345	4.1765137	8.870285
28406266	ACC	0.4023285	4.1381836	9.004395
28406276	ACC	0.4023285	4.099869	9.100189
28406286	ACC	0.4023285	4.0040894	9.081024
28406296	ACC	0.38316345	3.9466095	9.119354
28406306	ACC	0.38316345	3.9657593	9.02356
28406316	ACC	0.4023285	4.023239	9.042709
28406326	ACC	0.4023285	4.080719	8.985245
28406336	ACC	0.4023285	4.099869	9.004395
28406345	ACC	0.38316345	4.099869	9.004395
28406355	ACC	0.4023285	4.119034	8.96608
28406365	ACC	0.34484863	4.061554	8.946915
28406375	ACC	0.24905396	4.023239	8.985245
28406385	ACC	0.22990417	4.061554	8.88945
28406395	ACC	0.19158936	4.080719	8.81282
28406405	ACC	0.19158936	4.119034	8.755341
28406414	ACC	0.22990417	4.119034	8.81282
28406424	ACC	0.24905396	4.080719	8.88945
28406434	ACC	0.3065338	4.119034	8.9086
28406444	ACC	0.268219	4.080719	8.870285
28406454	ACC	0.28736877	4.023239	8.83197
28406464	ACC	0.3065338	4.061554	8.870285
28406474	ACC	0.24905396	4.023239	8.9086
28406483	ACC	0.19158936	4.023239	9.004395
28406493	ACC	0.19158936	3.9657593	9.119354
28406503	ACC	0.21073914	3.9657593	9.042709
28406513	ACC	0.11494446	3.9274445	8.985245
28406523	ACC	0.09579468	3.9274445	9.061874
28406533	ACC	0.0	4.0040894	8.985245
28406543	ACC	0.0	3.9849243	8.88945
28406552	ACC	0.05747986	3.9466095	8.83197
28406562	ACC	0.09579468	3.9466095	8.793655
28406572	ACC	0.11494446	4.0040894	8.88945
28406582	ACC	0.1341095	4.080719	8.9086
28406592	ACC	0.22990417	4.119034	8.83197
28406602	ACC	0.3256836	4.099869	8.77449
28406612	ACC	0.3256836	4.099869	8.793655
28406622	ACC	0.28736877	4.080719	8.9086
28406631	ACC	0.24905396	4.042404	8.88945
28406631	GPS	-7.8322687	110.42504	122.083435
28406641	ACC	0.3065338	4.1381836	8.927765
28406651	ACC	0.268219	4.080719	8.9086
28406661	ACC	0.22990417	4.023239	8.946915
28406671	ACC	0.22990417	4.0040894	9.02356
28406681	ACC	0.21073914	4.0040894	9.02356
28406691	ACC	0.21073914	4.099869	8.946915
28406700	ACC	0.28736877	4.080719	8.88945
28406710	ACC	0.4023285	4.080719	8.736176
28406720	ACC	0.51727295	4.061554	8.640396
28406730	ACC	0.5939026	4.023239	8.621231
28406740	ACC	0.51727295	4.023239	8.755341
28406750	ACC	0.47895813	4.0040894	8.927765
28406760	ACC	0.4406433	4.0040894	9.042709
28406769	ACC	0.34484863	4.0040894	9.176819
28406779	ACC	0.3065338	3.9849243	9.081024
28406789	ACC	0.34484863	4.0040894	9.042709
28406799	ACC	0.4023285	4.061554	9.02356
28406809	ACC	0.34484863	4.080719	9.042709
28406819	ACC	0.38316345	4.119034	8.946915
28406829	ACC	0.38316345	4.119034	8.870285
28406839	ACC	0.4023285	4.1573486	8.83197
28406848	ACC	0.38316345	4.1573486	8.793655
28406858	ACC	0.36401367	4.119034	8.736176
28406868	ACC	0.4023285	4.1573486	8.736176
28406878	ACC	0.4406433	4.1573486	8.77449
28406888	ACC	0.4406433	4.1765137	8.793655
28406898	ACC	0.4023285	4.1765137	8.927765
28406908	ACC	0.38316345	4.1765137	8.946915
28406917	ACC	0.38316345	4.099869	9.081024
28406927	ACC	0.38316345	4.119034	9.081024
28406937	ACC	0.34484863	4.061554	9.061874
28406947	ACC	0.34484863	4.023239	8.985245
28406957	ACC	0.34484863	3.9849243	8.96608
28406967	ACC	0.34484863	4.042404	8.9086
28406977	ACC	0.3065338	4.042404	8.946915
28406986	ACC	0.3256836	4.061554	9.02356
28406996	ACC	0.3065338	4.080719	9.02356
28407006	ACC	0.34484863	4.042404	9.02356
28407016	ACC	0.28736877	4.0040894	9.081024
28407026	ACC	0.22990417	4.0040894	9.081024
28407036	ACC	0.21073914	3.9849243	8.96608
28407046	ACC	0.24905396	3.9466095	8.870285
28407055	ACC	0.24905396	4.023239	8.81282
28407065	ACC	0.268219	4.119034	8.736176
28407075	ACC	0.28736877	4.042404	8.717026
28407085	ACC	0.22990417	3.8508148	8.83197
28407095	ACC	0.11494446	3.9657593	8.83197
28407105	ACC	0.17242432	4.1765137	8.77449
28407115	ACC	0.15325928	4.2531433	8.697861
28407124	ACC	0.3065338	4.2148285	8.621231
28407134	ACC	0.4406433	4.080719	8.582916
28407144	ACC	0.47895813	3.8891296	8.77449
28407154	ACC	0.42147827	3.8508148	8.851135
28407164	ACC	0.34484863	4.042404	8.83197
28407174	ACC	0.17242432	3.9657593	9.176819
