27546478	ACC	-0.17242432	4.9619904	8.506287
27546487	ACC	-0.17242432	4.9236755	8.525436
27546497	ACC	-0.17242432	4.9045258	8.582916
27546507	ACC	-0.19158936	4.9045258	8.678711
27546517	ACC	-0.15325928	4.9619904	8.697861
27546527	ACC	-0.11494446	4.9619904	8.640396
27546537	ACC	-0.09579468	4.9236755	8.621231
27546546	ACC	-0.11494446	4.9045258	8.602066
27546556	ACC	-0.15325928	4.8853607	8.602066
27546566	ACC	-0.22990417	4.9619904	8.640396
27546576	ACC	-0.268219	4.9428406	8.697861
27546586	ACC	-0.21073914	4.8853607	8.736176
27546596	ACC	-0.24905396	4.866211	8.659546
27546606	ACC	-0.24905396	4.847046	8.640396
27546615	ACC	-0.268219	4.866211	8.525436
27546625	ACC	-0.22990417	4.866211	8.487122
27546635	ACC	-0.3065338	4.866211	8.506287
27546645	ACC	-0.268219	4.9045258	8.487122
27546655	ACC	-0.268219	4.8853607	8.448807
27546665	ACC	-0.3256836	4.8853607	8.448807
27546674	ACC	-0.3065338	4.8853607	8.429642
27546684	ACC	-0.34484863	4.8853607	8.372177
27546694	ACC	-0.34484863	4.866211	8.467972
27546704	ACC	-0.36401367	4.789566	8.506287
27546714	ACC	-0.3065338	4.808731	8.640396
27546724	ACC	-0.24905396	4.7704163	8.755341
27546734	ACC	-0.17242432	4.751251	8.77449
27546743	ACC	-0.21073914	4.789566	8.697861
27546753	ACC	-0.19158936	4.827896	8.582916
27546763	ACC	-0.15325928	4.866211	8.582916
27546773	ACC	-0.17242432	4.9045258	8.563751
27546783	ACC	-0.1341095	4.9045258	8.525436
27546793	ACC	-0.17242432	4.9045258	8.487122
27546802	ACC	-0.17242432	4.9045258	8.602066
27546812	ACC	-0.17242432	4.8853607	8.621231
27546822	ACC	-0.11494446	4.8853607	8.582916
27546832	ACC	-0.09579468	4.8853607	8.525436
27546842	ACC	-0.03831482	4.866211	8.506287
27546852	ACC	-0.03831482	4.847046	8.544601
27546862	ACC	-0.03831482	4.847046	8.602066
27546871	ACC	-0.09579468	4.866211	8.678711
27546881	ACC	-0.11494446	4.866211	8.621231
27546891	ACC	-0.07662964	4.8853607	8.621231
27546901	ACC	-0.07662964	4.866211	8.621231
27546911	ACC	-0.11494446	4.847046	8.582916
27546921	ACC	-0.05747986	4.866211	8.602066
27546930	ACC	-0.07662964	4.847046	8.525436
27546940	ACC	-0.09579468	4.866211	8.506287
27546950	ACC	-0.07662964	4.8853607	8.506287
27546960	ACC	-0.03831482	4.8853607	8.563751
27546970	ACC	-0.03831482	4.847046	8.602066
27546980	ACC	-0.05747986	4.866211	8.640396
27546990	ACC	-0.09579468	4.827896	8.544601
27546999	ACC	-0.11494446	4.866211	8.582916
27547009	ACC	-0.11494446	4.9236755	8.602066
27547019	ACC	-0.1341095	4.8853607	8.544601
27547029	ACC	-0.15325928	4.866211	8.544601
27547039	ACC	-0.11494446	4.827896	8.525436
27547049	ACC	-0.11494446	4.789566	8.506287
27547058	ACC	-0.11494446	4.789566	8.525436
27547068	ACC	-0.15325928	4.866211	8.582916
27547078	ACC	-0.17242432	4.866211	8.563751
27547088	ACC	-0.1341095	4.8853607	8.525436
27547098	ACC	-0.15325928	4.827896	8.602066
27547108	ACC	-0.1341095	4.827896	8.640396
27547118	ACC	-0.1341095	4.847046	8.697861
27547127	ACC	-0.09579468	4.847046	8.697861
27547137	ACC	-0.07662964	4.847046	8.717026
27547147	ACC	0.0	4.9045258	8.640396
27547157	ACC	-0.03831482	4.9236755	8.602066
27547167	ACC	-0.05747986	4.9811554	8.525436
27547177	ACC	-0.11494446	5.0003204	8.448807
1585038883072	RSSWIFI	90:61:0c:20:d1:c0	HT_AP0	2417	-66
1585038883072	RSSWIFI	24:d3:f2:c9:87:6d	BismillahV60	2452	-70
1585038883072	RSSWIFI	bc:8a:e8:53:22:99	MiFi S1-2298	2432	-78
27547186	ACC	-0.1341095	5.01947	8.391327
27547196	ACC	-0.11494446	5.07695	8.372177
27547206	ACC	-0.15325928	5.0386353	8.333862
27547216	ACC	-0.11494446	5.057785	8.333862
27547226	ACC	-0.1341095	5.0386353	8.257217
27547236	ACC	-0.1341095	4.9619904	8.2955475
27547246	ACC	-0.19158936	4.9045258	8.372177
27547255	ACC	-0.24905396	4.9236755	8.467972
27547265	ACC	-0.24905396	4.866211	8.544601
27547275	ACC	-0.24905396	4.8853607	8.525436
27547285	ACC	-0.22990417	4.9236755	8.506287
27547295	ACC	-0.22990417	4.9428406	8.410492
27547305	ACC	-0.17242432	4.9619904	8.372177
27547314	ACC	-0.21073914	4.9619904	8.2955475
27547324	ACC	-0.22990417	5.01947	8.353012
27547334	ACC	-0.24905396	5.0386353	8.2955475
27547344	ACC	-0.22990417	5.0961	8.353012
27547354	ACC	-0.24905396	5.057785	8.276382
27547364	ACC	-0.268219	5.07695	8.333862
27547374	ACC	-0.3065338	5.1344147	8.410492
27547383	ACC	-0.3256836	5.2110596	8.391327
27547393	ACC	-0.3065338	5.2302094	8.448807
27547403	ACC	-0.268219	5.287689	8.467972
27547413	ACC	-0.24905396	5.2302094	8.448807
27547423	ACC	-0.11494446	5.2302094	8.487122
27547433	ACC	-0.05747986	5.2302094	8.391327
27547442	ACC	-0.03831482	5.2493744	8.276382
27547452	ACC	-0.019165039	5.268524	8.314697
27547462	ACC	-0.03831482	5.1727448	8.276382
27547472	ACC	-0.15325928	5.115265	8.333862
27547482	ACC	-0.24905396	5.057785	8.467972
27547492	ACC	-0.3065338	5.0386353	8.602066
27547501	ACC	-0.34484863	4.9811554	8.659546
27547511	ACC	-0.36401367	4.9811554	8.697861
27547521	ACC	-0.3256836	4.9236755	8.697861
27547531	ACC	-0.28736877	4.8853607	8.640396
27547541	ACC	-0.22990417	4.9236755	8.717026
27547551	ACC	-0.15325928	4.9811554	8.602066
27547561	ACC	-0.09579468	5.0003204	8.563751
27547570	ACC	-0.11494446	4.9619904	8.525436
27547580	ACC	-0.1341095	4.9811554	8.429642
27547590	ACC	-0.22990417	4.9811554	8.353012
27547600	ACC	-0.21073914	5.01947	8.429642
27547610	ACC	-0.24905396	5.01947	8.448807
27547620	ACC	-0.3256836	4.9811554	8.448807
27547629	ACC	-0.3256836	4.9428406	8.448807
27547639	ACC	-0.3256836	5.0003204	8.448807
27547649	ACC	-0.34484863	5.01947	8.410492
27547659	ACC	-0.3065338	5.0386353	8.467972
27547669	ACC	-0.28736877	5.0386353	8.467972
27547679	ACC	-0.24905396	5.01947	8.429642
27547689	ACC	-0.17242432	5.01947	8.2955475
27547698	ACC	-0.11494446	5.07695	8.199753
27547708	ACC	-0.03831482	5.0961	8.257217
27547718	ACC	-0.019165039	5.115265	8.257217
27547728	ACC	0.019165039	5.07695	8.276382
27547738	ACC	0.0	5.057785	8.180588
27547748	ACC	0.05747986	5.0386353	8.238068
27547757	ACC	0.05747986	5.01947	8.391327
27547767	ACC	0.03831482	5.0386353	8.467972
27547777	ACC	0.05747986	4.9619904	8.659546
27547787	ACC	0.07662964	4.827896	8.755341
27547797	ACC	0.15325928	4.751251	8.9086
27547807	ACC	0.15325928	4.655472	8.946915
27547816	ACC	0.15325928	4.6171417	8.985245
27547826	ACC	0.17242432	4.5213623	9.100189
27547836	ACC	0.17242432	4.4830475	9.119354
27547846	ACC	0.1341095	4.4255676	9.119354
27547856	ACC	0.07662964	4.4447174	9.061874
27547866	ACC	0.05747986	4.4830475	8.946915
27547876	ACC	0.05747986	4.597992	8.851135
27547885	ACC	0.03831482	4.655472	8.717026
27547895	ACC	0.03831482	4.6746216	8.621231
27547905	ACC	0.07662964	4.655472	8.506287
27547915	ACC	0.03831482	4.655472	8.448807
27547925	ACC	0.0	4.636307	8.410492
27547935	ACC	-0.03831482	4.597992	8.372177
27547944	ACC	-0.1341095	4.597992	8.391327
27547954	ACC	-0.1341095	4.6171417	8.391327
27547964	ACC	-0.07662964	4.655472	8.448807
27547974	ACC	-0.03831482	4.6746216	8.410492
27547984	ACC	-0.019165039	4.751251	8.410492
27547994	ACC	0.09579468	4.789566	8.391327
27548004	ACC	0.24905396	4.655472	8.487122
1585038883846	RSSWIFI	24:d3:f2:c9:87:6d	BismillahV60	2452	-66
1585038883846	RSSWIFI	90:61:0c:20:d1:c0	HT_AP0	2417	-66
1585038883846	RSSWIFI	bc:8a:e8:53:22:99	MiFi S1-2298	2432	-75
27548013	ACC	0.36401367	4.655472	8.544601
27548023	ACC	0.4597931	4.655472	8.640396
27548033	ACC	0.4597931	4.578827	8.81282
27548043	ACC	0.4023285	4.559677	8.793655
27548053	ACC	0.34484863	4.597992	8.755341
27548063	ACC	0.22990417	4.578827	8.717026
27548072	ACC	0.11494446	4.6171417	8.563751
27548082	ACC	0.03831482	4.6746216	8.487122
27548092	ACC	-0.019165039	4.7129364	8.448807
27548102	ACC	0.019165039	4.827896	8.410492
27548112	ACC	0.05747986	4.827896	8.391327
27548122	ACC	0.09579468	4.8853607	8.218903
27548132	ACC	0.17242432	4.8853607	8.065643
27548141	ACC	0.24905396	4.8853607	7.9698486
27548151	ACC	0.22990417	4.866211	8.046478
27548161	ACC	0.17242432	4.866211	8.046478
27548171	ACC	0.09579468	4.847046	8.084793
27548181	ACC	0.05747986	4.8853607	7.9890137
27548191	ACC	0.05747986	4.8853607	8.046478
27548200	ACC	0.03831482	4.847046	8.065643
27548210	ACC	-0.07662964	4.808731	8.0273285
27548220	ACC	-0.15325928	4.751251	8.084793
27548230	ACC	-0.17242432	4.751251	8.103958
27548240	ACC	-0.21073914	4.7321014	8.180588
27548250	ACC	-0.15325928	4.751251	8.180588
27548260	ACC	-0.05747986	4.7704163	8.199753
27548269	ACC	0.07662964	4.808731	8.142273
27548279	ACC	0.24905396	4.7704163	8.161438
27548289	ACC	0.38316345	4.7129364	8.257217
27548299	ACC	0.4406433	4.6171417	8.353012
27548309	ACC	0.4597931	4.540512	8.506287
27548319	ACC	0.51727295	4.540512	8.544601
27548328	ACC	0.51727295	4.540512	8.582916
27548338	ACC	0.6130676	4.578827	8.602066
27548348	ACC	0.6130676	4.540512	8.487122
27548358	ACC	0.7471771	4.636307	8.353012
27548368	ACC	0.7663269	4.655472	8.2955475
27548378	ACC	0.91960144	4.7321014	8.238068
27548388	ACC	0.9962311	4.827896	8.161438
27548397	ACC	1.1303406	4.847046	8.180588
27548407	ACC	1.2069702	4.7704163	8.180588
27548417	ACC	1.2069702	4.7321014	8.065643
27548427	ACC	1.1686554	4.7321014	7.893219
27548437	ACC	1.1303406	4.7321014	7.9506836
27548447	ACC	1.1111755	4.808731	8.065643
27548456	ACC	1.0920258	4.808731	8.180588
27548466	ACC	1.1494904	4.7704163	8.180588
27548476	ACC	1.1303406	4.7321014	8.103958
27548486	ACC	1.2261353	4.827896	8.065643
27548496	ACC	1.2835999	4.8853607	7.9698486
27548506	ACC	1.3027649	4.9045258	7.835739
27548516	ACC	1.3027649	4.8853607	7.644165
27548525	ACC	1.2644501	4.9236755	7.375946
27548535	ACC	1.1878204	4.9619904	7.0310974
27548545	ACC	1.0920258	5.07695	6.877823
27548555	ACC	1.0153961	5.1535797	6.858673
27548565	ACC	0.91960144	5.1535797	6.801193
27548575	ACC	0.91960144	5.1344147	7.050247
27548584	ACC	0.9004364	5.07695	7.165207
27548594	ACC	0.91960144	5.0961	7.337631
27548604	ACC	0.91960144	5.115265	7.4908905
27548614	ACC	0.91960144	5.07695	7.835739
27548624	ACC	0.82380676	5.1535797	8.008163
27548634	ACC	0.7280121	5.0961	8.103958
27548644	ACC	0.536438	5.07695	8.008163
27548653	ACC	0.24905396	5.115265	7.7974243
27548663	ACC	0.0	5.1918945	7.375946
27548673	ACC	-0.19158936	5.287689	7.088562
27548683	ACC	-0.3256836	5.364319	6.9927826
27548693	ACC	-0.38316345	5.383484	6.801193
27548703	ACC	-0.4406433	5.4026337	6.7053986
27548712	ACC	-0.4406433	5.4601135	6.41803
27548722	ACC	-0.4597931	5.4217987	6.0348663
27548732	ACC	-0.51727295	5.287689	5.651703
27548742	ACC	-0.6322174	5.2302094	5.4409485
27548752	ACC	-0.91960144	5.287689	5.6900177
27548762	ACC	-1.2835999	5.345169	5.9199066
27548772	ACC	-1.6284485	5.4792786	5.9773865
27548781	ACC	-1.7434082	5.632538	6.1306458
27548791	ACC	-1.6284485	5.7283325	6.168976
1585038884643	RSSWIFI	90:61:0c:20:d1:c0	HT_AP0	2417	-66
1585038884643	RSSWIFI	24:d3:f2:c9:87:6d	BismillahV60	2452	-72
1585038884643	RSSWIFI	bc:8a:e8:53:22:99	MiFi S1-2298	2432	-72
27548801	ACC	-1.3410797	6.054016	6.2456055
27548811	ACC	-1.0728607	6.5138245	7.088562
27548821	ACC	-0.6322174	6.839508	8.180588
27548831	ACC	-0.21073914	6.782028	9.291779
27548840	ACC	0.11494446	6.4371796	11.111816
27548850	ACC	0.22990417	6.4755096	13.0659485
27548860	ACC	0.24905396	6.6670837	14.675247
27548870	ACC	0.3256836	6.782028	16.5336
27548880	ACC	0.4023285	6.7245636	17.836365
27548890	ACC	0.268219	6.609604	18.334488
27548899	ACC	-0.03831482	6.571289	18.181213
27548909	ACC	-0.536438	6.801193	17.395737
27548919	ACC	-0.97706604	7.1843567	16.30371
27548929	ACC	-1.1494904	7.4908905	15.441589
27548939	ACC	-0.8812866	7.7399445	15.211685
27548949	ACC	-0.3256836	7.7016296	15.269165
27548959	ACC	0.268219	7.2609863	15.805588
27548968	ACC	0.78549194	6.7053986	17.070038
27548978	ACC	1.1686554	6.073181	18.353638
27548988	ACC	1.3410797	5.4217987	19.330719
27548998	ACC	1.4560242	4.9619904	19.503143
27549008	ACC	1.6092987	4.655472	18.966705
27549018	ACC	1.762558	4.597992	18.047104
27549027	ACC	1.6092987	4.6746216	16.610245
27549037	ACC	1.3027649	4.655472	14.8476715
27549047	ACC	1.0345459	4.847046	13.0659485
27549057	ACC	0.7088623	5.1535797	10.996857
27549067	ACC	0.3065338	5.4601135	9.387558
27549077	ACC	-0.019165039	5.632538	8.448807
27549087	ACC	-0.22990417	5.4792786	8.506287
27549096	ACC	-0.19158936	4.9619904	8.851135
27549106	ACC	-0.22990417	4.061554	9.579147
27549116	ACC	-0.42147827	3.1228027	10.17305
27549126	ACC	-0.7280121	2.4139404	10.422104
27549136	ACC	-1.0728607	1.9158325	10.460434
27549146	ACC	-1.4177094	1.4177094	10.307159
27549155	ACC	-1.4751892	0.9004364	10.058105
27549165	ACC	-1.2069702	0.34484863	9.598297
27549175	ACC	-0.8621216	-0.15325928	8.81282
27549185	ACC	-0.17242432	-0.5747528	7.9698486
27549195	ACC	0.5747528	-0.8621216	6.782028
27549205	ACC	1.3793945	-1.245285	5.7283325
27549215	ACC	2.1648865	-1.5518188	5.0386353
27549224	ACC	2.9120636	-1.8200378	4.4255676
27549234	ACC	3.5251312	-2.0690918	3.9849243
27549244	ACC	3.9657593	-2.0116272	3.5251312
27549254	ACC	4.1956635	-1.8775177	3.1419525
27549264	ACC	4.310623	-1.7434082	2.816269
27549274	ACC	4.2339783	-1.513504	2.5289001
27549283	ACC	4.023239	-1.3027649	2.7204742
27549293	ACC	3.7167053	-1.0728607	3.352707
27549303	ACC	3.4676514	-0.8621216	4.1573486
27549313	ACC	3.4293365	-0.8429718	5.804962
27549323	ACC	3.7167053	-0.9962311	7.9698486
27549333	ACC	4.0040894	-1.1111755	9.943146
27549343	ACC	4.387253	-0.9962311	11.973938
27549352	ACC	4.7129364	-1.1494904	12.970169
27549362	ACC	4.6171417	-0.8429718	13.238373
27549372	ACC	3.8891296	0.536438	13.027634
27549382	ACC	3.1228027	2.9503784	11.993088
27549392	ACC	2.298996	5.4601135	11.130966
27549402	ACC	1.3985596	7.395096	10.594528
27549411	ACC	0.55558777	8.410492	10.09642
27549421	ACC	-0.3065338	8.046478	10.364639
27549431	ACC	-1.0920258	6.628769	10.862747
27549441	ACC	-1.4177094	4.9236755	11.724869
27549451	ACC	-1.5326691	3.4484863	12.874374
27549461	ACC	-1.781723	2.6821594	12.855209
27549471	ACC	-2.298996	2.6055298	12.452896
27549480	ACC	-3.046173	3.1802826	11.667404
27549490	ACC	-3.831665	4.329773	10.24968
27549500	ACC	-4.2339783	5.7283325	8.851135
27549510	ACC	-4.1956635	6.839508	7.2035217
27549520	ACC	-3.6209106	7.625	5.575058
27549530	ACC	-2.816269	7.7974243	4.348938
27549540	ACC	-1.9924622	7.586685	3.7550201
27549549	ACC	-1.4177094	7.356781	3.563446
27549559	ACC	-1.3410797	7.2609863	3.6017609
27549569	ACC	-1.5518188	7.2035217	3.8699799
27549579	ACC	-1.7242432	7.069412	4.2531433
27549589	ACC	-1.762558	6.8203583	4.636307
27549599	ACC	-1.5901337	6.5329742	4.9045258
27549608	ACC	-1.3219147	6.2647552	4.9428406
27549618	ACC	-1.0153961	6.092331	5.0003204
1585038885459	RSSWIFI	90:61:0c:20:d1:c0	HT_AP0	2417	-64
1585038885459	RSSWIFI	24:d3:f2:c9:87:6d	BismillahV60	2452	-72
1585038885459	RSSWIFI	bc:8a:e8:53:22:99	MiFi S1-2298	2432	-74
1585038885459	RSSWIFI	ec:f0:fe:9f:86:4e	Victor  Home	2462	-85
27549628	ACC	-0.6705475	6.0157013	5.115265
27549638	ACC	-0.65138245	5.785797	5.115265
27549638	GPS	-7.8320727	110.424965	99.51282
27549648	ACC	-0.7088623	5.6708527	5.364319
27549658	ACC	-0.8812866	5.613373	5.594223
27549667	ACC	-1.0537109	5.6900177	6.2072906
27549677	ACC	-1.1878204	5.9199066	7.2226715
27549687	ACC	-1.513504	6.2264404	8.525436
27549697	ACC	-1.7242432	6.41803	10.479584
27549707	ACC	-1.762558	6.4755096	12.452896
27549717	ACC	-1.6859283	6.628769	13.755646
27549727	ACC	-1.0537109	6.9927826	15.154205
27549736	ACC	0.019165039	6.9544525	16.744354
27549746	ACC	1.1303406	6.571289	17.893845
27549756	ACC	1.8392029	5.881592	18.755966
27549766	ACC	1.9924622	5.0961	19.00502
27549776	ACC	1.4560242	4.9236755	18.142899
27549786	ACC	0.4406433	5.5175934	16.78267
27549796	ACC	-0.5939026	6.3030853	15.345795
27549805	ACC	-1.2835999	6.9736176	14.04303
27549815	ACC	-1.3793945	6.839508	12.855209
27549825	ACC	-0.8812866	6.0348663	11.590759
27549835	ACC	-0.34484863	5.01947	10.383789
27549845	ACC	0.11494446	3.9466095	9.406723
27549855	ACC	0.3065338	3.1036377	8.755341
27549864	ACC	0.42147827	2.4905853	8.525436
27549874	ACC	0.38316345	2.0690918	8.410492
27549884	ACC	0.24905396	1.8392029	8.103958
27549894	ACC	0.09579468	1.6284485	7.7016296
27549904	ACC	-0.07662964	1.3219147	7.2226715
27549914	ACC	-0.15325928	0.97706604	6.9161377
27549924	ACC	0.22990417	0.4023285	7.0119324
27549933	ACC	0.6130676	-0.21073914	6.7053986
27549943	ACC	0.97706604	-0.8429718	6.7053986
27549953	ACC	1.3219147	-1.1494904	7.088562
27549963	ACC	1.6476135	-1.3219147	7.663315
27549973	ACC	2.1457214	-1.3793945	8.142273
27549983	ACC	2.6630096	-1.3027649	7.9890137
27549992	ACC	3.1802826	-1.1878204	7.4717407
27550002	ACC	3.4484863	-1.1303406	6.647934
27550012	ACC	3.5251312	-0.9962311	5.7474823
27550022	ACC	3.5059662	-0.82380676	4.866211
27550032	ACC	3.5059662	-0.6130676	4.042404
27550042	ACC	3.4484863	-0.51727295	3.6017609
27550052	ACC	3.3910217	-0.38316345	3.6783905
27550061	ACC	3.4868164	-0.3065338	4.272293
27550071	ACC	3.6592407	-0.36401367	5.057785
27550081	ACC	3.7358704	-0.5747528	6.322235
27550091	ACC	3.5825958	-0.22990417	8.180588
27550101	ACC	2.9312134	1.2835999	10.632858
27550111	ACC	2.279831	2.7396393	12.874374
27550120	ACC	1.6092987	4.329773	13.295853
27550130	ACC	1.1494904	6.1306458	13.3533325
27550140	ACC	0.7280121	8.218903	13.027634
27550150	ACC	0.7280121	9.943146	13.525757
27550160	ACC	1.3219147	10.17305	13.889755
27550170	ACC	1.8200378	9.828201	13.85144
27550180	ACC	2.030777	9.330093	14.272934
27550189	ACC	2.3947906	8.602066	14.004715
27550199	ACC	3.1611176	7.5292053	12.740265
27550209	ACC	3.8891296	6.2647552	10.881912
27550219	ACC	4.5021973	5.2302094	9.215134
27550229	ACC	4.636307	4.5021973	8.276382
27550239	ACC	4.2148285	4.272293	7.375946
27550249	ACC	3.3910217	4.4638824	6.1881256
27550258	ACC	2.2223663	4.789566	5.115265
27550268	ACC	1.0153961	4.9428406	4.348938
27550278	ACC	-0.09579468	5.01947	3.9466095
27550288	ACC	-1.3793945	5.115265	3.9082947
27550298	ACC	-2.6246796	5.1918945	4.099869
27550308	ACC	-3.8508148	5.1727448	4.6937866
27550317	ACC	-4.847046	5.0003204	5.4792786
27550327	ACC	-5.326004	4.7321014	6.168976
27550337	ACC	-5.536743	4.4830475	6.4755096
27550347	ACC	-5.4601135	4.119034	6.9353027
27550357	ACC	-5.326004	3.8891296	7.337631
27550367	ACC	-5.1344147	3.793335	7.7207947
27550377	ACC	-4.9045258	3.8699799	8.103958
27550386	ACC	-4.7129364	4.1573486	8.487122
27550396	ACC	-4.4830475	4.559677	8.582916
27550406	ACC	-4.1765137	4.751251	8.487122
27550416	ACC	-3.8125	4.8853607	8.084793
27550426	ACC	-3.295227	5.1918945	7.4717407
27550436	ACC	-2.777954	5.6900177	7.050247
27550445	ACC	-2.1648865	6.1881256	7.126892
27550455	ACC	-1.4943542	6.628769	7.9698486
27550465	ACC	-1.245285	7.2418365	9.483353
27550475	ACC	-1.4177094	7.9506836	11.916458
27550485	ACC	-1.0153961	8.161438	14.119659
27550495	ACC	-0.36401367	8.391327	15.958862
27550505	ACC	0.55558777	8.640396	17.223312
27550514	ACC	1.7434082	8.218903	17.165833
27550524	ACC	2.7204742	7.337631	15.805588
27550534	ACC	3.1802826	6.647934	13.679016
27550544	ACC	2.7204742	6.7245636	11.801514
27550554	ACC	1.6476135	7.0310974	10.824432
27550564	ACC	0.49812317	7.2418365	10.422104
27550574	ACC	-0.28736877	7.2609863	10.575378
27550583	ACC	-0.78549194	7.2035217	10.632858
27550593	ACC	-0.91960144	6.7245636	11.245911
27550603	ACC	-0.6130676	5.9390717	11.782349
27550613	ACC	-0.268219	5.07695	11.724869
27550623	ACC	0.09579468	4.329773	11.284241
27550633	ACC	0.36401367	3.7167053	10.441269
27550642	ACC	0.4597931	3.1228027	9.617462
27550642	GPS	-7.8321376	110.424995	120.401794
27550652	ACC	0.38316345	2.3564758	8.985245
27550662	ACC	0.0	1.6667786	8.506287
27550672	ACC	-0.42147827	1.2069702	8.008163
27550682	ACC	-0.65138245	0.82380676	7.68248
27550692	ACC	-0.6130676	0.42147827	7.68248
27550702	ACC	-0.21073914	0.0	7.9698486
27550711	ACC	0.4023285	-0.36401367	8.084793
27550721	ACC	1.0537109	-0.82380676	8.046478
27550731	ACC	1.6476135	-1.1494904	7.7399445
27550741	ACC	2.241516	-1.4751892	7.2609863
27550751	ACC	2.758789	-1.6476135	6.686249
27550761	ACC	3.1994324	-1.7242432	6.054016
27550770	ACC	3.6017609	-1.7050934	5.2302094
27550780	ACC	4.023239	-1.6092987	4.540512
27550790	ACC	4.4638824	-1.5518188	3.9657593
27550800	ACC	4.751251	-1.4560242	3.5251312
27550810	ACC	4.9236755	-1.1878204	3.4676514
27550820	ACC	5.057785	-0.7471771	3.6592407
27550830	ACC	4.9811554	-0.36401367	4.4638824
27550839	ACC	4.6937866	-0.019165039	5.843277
27550849	ACC	4.387253	0.09579468	7.7591095
27550859	ACC	3.9849243	0.36401367	10.000626
27550869	ACC	3.5825958	1.1686554	12.433731
27550879	ACC	3.4484863	1.8200378	13.257538
27550889	ACC	3.3718567	2.6246796	12.70195
27550898	ACC	3.1036377	4.4830475	11.188446
27550908	ACC	2.6246796	7.0119324	9.483353
27550918	ACC	2.0690918	9.445038	8.467972
27550928	ACC	1.8775177	10.594528	7.854904
27550938	ACC	1.762558	10.422104	8.563751
27550948	ACC	1.3602448	9.330093	10.575378
27550958	ACC	1.1686554	7.605835	13.3533325
27550967	ACC	1.3410797	5.594223	15.1158905
27550977	ACC	1.5518188	3.5251312	15.30748
27550987	ACC	1.4368744	1.9541473	15.537369
27550997	ACC	0.6705475	1.3410797	15.575684
27551007	ACC	-0.55558777	1.8966675	15.441589
27551017	ACC	-1.4560242	2.9120636	15.17337
27551026	ACC	-1.9158325	3.7550201	13.793976
27551036	ACC	-2.1840515	4.751251	12.165512
27551046	ACC	-2.4139404	5.7091675	10.134735
27551056	ACC	-2.6821594	6.647934	7.625
27551066	ACC	-2.8545837	7.56752	4.827896
27551076	ACC	-2.777954	8.199753	2.7396393
27551086	ACC	-2.6821594	8.353012	1.5326691
27551095	ACC	-2.7396393	7.931534	1.4751892
27551105	ACC	-3.1036377	7.337631	2.2223663
27551115	ACC	-3.8125	6.7628784	3.3910217
27551125	ACC	-4.578827	6.36055	4.827896
27551135	ACC	-5.1727448	6.1306458	6.5329742
27551145	ACC	-5.383484	5.900757	8.046478
27551154	ACC	-5.1535797	5.5175934	9.195984
27551164	ACC	-4.808731	5.057785	10.134735
27551174	ACC	-4.559677	4.847046	10.402954
27551184	ACC	-4.6746216	5.01947	10.17305
27551194	ACC	-5.0961	5.364319	9.770721
27551204	ACC	-5.555908	5.881592	9.330093
27551214	ACC	-5.843277	6.4563446	8.96608
27551223	ACC	-5.804962	6.896988	9.387558
27551233	ACC	-5.5175934	7.0310974	10.939377
27551243	ACC	-4.9236755	7.069412	13.027634
27551253	ACC	-3.831665	6.571289	15.19252
27551263	ACC	-2.5289001	6.073181	17.242462
27551273	ACC	-0.6130676	5.7666473	18.526062
27551283	ACC	1.4943542	5.4984283	18.468597
27551292	ACC	3.4868164	5.0003204	17.031723
27551302	ACC	4.578827	4.636307	14.962631
27551312	ACC	4.751251	4.808731	13.180908
27551322	ACC	3.9466095	5.4601135	12.012253
27551332	ACC	2.797104	6.149811	11.533295
27551342	ACC	1.4560242	6.647934	11.51413
27551351	ACC	0.4023285	6.782028	11.4375
27551361	ACC	0.0	6.5329742	11.36087
27551371	ACC	0.28736877	5.900757	11.016022
27551381	ACC	1.0537109	4.866211	10.517899
27551391	ACC	1.6092987	3.793335	9.598297
27551401	ACC	1.8200378	3.2569122	8.353012
27551410	ACC	1.5709839	3.1802826	7.126892
27551420	ACC	1.1494904	3.1802826	6.168976
27551430	ACC	0.8429718	3.027008	5.6708527
27551440	ACC	0.5747528	2.758789	5.594223
27551450	ACC	0.5939026	2.3181458	5.9199066
27551460	ACC	0.7471771	1.8775177	6.2647552
27551470	ACC	0.8812866	1.3985596	6.628769
27551479	ACC	1.0728607	0.91960144	7.088562
27551489	ACC	1.4177094	0.47895813	7.337631
27551499	ACC	1.9349823	0.03831482	7.2993164
27551509	ACC	2.4139404	-0.34484863	7.165207
27551519	ACC	2.8545837	-0.51727295	6.9353027
27551529	ACC	3.1802826	-0.5939026	6.4371796
27551539	ACC	3.3910217	-0.55558777	5.862442
27551548	ACC	3.4868164	-0.4597931	4.9045258
27551558	ACC	3.544281	-0.4023285	4.348938
27551568	ACC	3.5251312	-0.42147827	4.061554
27551578	ACC	3.5059662	-0.21073914	4.061554
27551588	ACC	3.4676514	0.3256836	4.329773
27551598	ACC	3.4101715	0.7471771	5.07695
27551607	ACC	3.4868164	0.8621216	6.686249
27551617	ACC	3.4293365	0.97706604	8.697861
27551627	ACC	3.1419525	1.4943542	11.724869
27551637	ACC	2.298996	3.1419525	14.407028
27551647	ACC	1.7242432	5.1535797	16.016327
27551657	ACC	2.1457214	6.1306458	15.020096
27551667	ACC	2.7013245	7.2418365	12.146362
27551676	ACC	2.8545837	9.330093	9.042709
27551676	GPS	-7.832172	110.42497	108.76184
27551686	ACC	2.1265717	11.284241	6.628769
27551696	ACC	1.0345459	12.682785	5.4601135
27551706	ACC	-0.07662964	13.180908	5.843277
27551716	ACC	-1.2835999	13.123428	7.7207947
27551726	ACC	-1.8583527	12.299622	10.058105
27551735	ACC	-1.3219147	10.824432	11.552444
27551745	ACC	-0.1341095	8.927765	11.4375
27551755	ACC	0.7471771	7.2226715	10.747803
27551765	ACC	1.2644501	6.054016	10.326324
27551775	ACC	1.245285	5.843277	10.23053
27551785	ACC	0.68969727	6.0157013	10.09642
27551795	ACC	0.05747986	6.073181	9.598297
27551804	ACC	-0.7280121	6.0348663	8.602066
27551814	ACC	-1.762558	6.0157013	6.7245636
27551824	ACC	-2.758789	5.9199066	4.827896
27551834	ACC	-3.6975555	5.900757	3.1994324
27551844	ACC	-4.291458	5.9773865	1.9541473
27551854	ACC	-4.540512	5.9965515	1.3027649
27551863	ACC	-4.4255676	5.881592	1.1494904
27551873	ACC	-4.1956635	5.632538	1.4943542
27551883	ACC	-3.7741852	5.268524	1.9732971
27551893	ACC	-3.295227	4.9428406	2.6821594
27551903	ACC	-2.7204742	4.578827	3.3910217
27551913	ACC	-2.241516	4.310623	3.9849243
27551923	ACC	-1.9158325	4.1573486	4.4064026
27551932	ACC	-1.7050934	4.1573486	4.866211
27551942	ACC	-1.6092987	4.310623	5.326004
27551952	ACC	-1.6092987	4.540512	5.555908
27551962	ACC	-1.6092987	4.7704163	5.613373
27551972	ACC	-1.6859283	5.0003204	5.594223
27551982	ACC	-1.8583527	5.555908	5.6900177
27551991	ACC	-2.0882568	6.2264404	5.594223
27552001	ACC	-2.3947906	7.107727	5.862442
27552011	ACC	-2.8545837	8.218903	6.877823
27552021	ACC	-2.9695282	9.02356	8.353012
27552031	ACC	-2.5289001	9.636627	10.17305
27552041	ACC	-1.4943542	10.307159	12.663635
27552050	ACC	0.15325928	10.671173	14.598618
27552060	ACC	1.8775177	10.652008	15.728958
27552070	ACC	3.2185974	9.904831	15.633163
27552080	ACC	3.8699799	8.506287	14.368713
27552090	ACC	3.7550201	7.414261	13.410797
27552100	ACC	2.6055298	7.395096	12.83606
27552110	ACC	0.97706604	8.046478	13.085114
27552119	ACC	-0.03831482	8.563751	13.506592
27552129	ACC	-0.36401367	8.717026	13.219223
27552139	ACC	-0.24905396	8.391327	12.510361
27552149	ACC	-0.21073914	7.605835	11.5716095
27552159	ACC	-0.268219	6.801193	10.460434
27552169	ACC	-0.49812317	6.2264404	9.406723
27552178	ACC	-0.6322174	5.7283325	8.77449
27552188	ACC	-0.49812317	5.1918945	8.238068
27552198	ACC	-0.19158936	4.4064026	7.644165
27552208	ACC	0.21073914	3.6017609	7.0119324
27552218	ACC	0.7280121	2.9312134	6.686249
27552228	ACC	1.1878204	2.3947906	6.3988647
27552238	ACC	1.6476135	1.9349823	6.111496
27552247	ACC	2.3564758	1.6284485	5.9965515
27552257	ACC	2.8928986	1.3985596	5.6708527
27552267	ACC	3.276062	0.97706604	5.115265
27552277	ACC	3.3910217	0.65138245	4.8853607
27552287	ACC	3.4484863	0.24905396	4.808731
27552297	ACC	3.3718567	-0.24905396	4.751251
27552306	ACC	3.1802826	-0.65138245	4.8853607
27552316	ACC	2.835434	-0.7471771	5.2110596
27552326	ACC	2.4905853	-0.51727295	5.326004
27552336	ACC	2.3947906	-0.15325928	5.4409485
27552346	ACC	2.54805	0.11494446	5.575058
27552356	ACC	2.835434	0.24905396	5.7091675
27552366	ACC	3.1228027	0.4023285	5.9773865
27552375	ACC	3.295227	0.7663269	6.609604
27552385	ACC	3.4101715	1.1494904	7.069412
27552395	ACC	3.6783905	1.2835999	7.835739
27552405	ACC	3.793335	1.4751892	8.870285
27552415	ACC	3.793335	1.9732971	9.847366
27552425	ACC	3.793335	2.3373108	10.019791
27552434	ACC	3.563446	2.5863647	9.636627
27552444	ACC	2.6055298	3.793335	9.368408
27552454	ACC	1.3793945	5.785797	8.946915
27552464	ACC	0.21073914	8.123123	8.544601
27552474	ACC	-0.51727295	9.866516	8.525436
27552484	ACC	-0.7663269	10.211365	9.157669
27552494	ACC	-0.6130676	9.502518	10.192215
27552503	ACC	0.19158936	8.678711	11.763184
27552513	ACC	0.95791626	7.854904	12.663635
27552523	ACC	1.8966675	6.5329742	12.77858
27552533	ACC	3.027008	5.0386353	12.222992
27552543	ACC	3.276062	3.7550201	11.111816
27552553	ACC	2.5289001	3.084488	11.533295
27552562	ACC	1.0920258	3.3718567	12.855209
27552572	ACC	-0.34484863	4.329773	13.180908
27552582	ACC	-1.6092987	5.3068542	13.123428
27552592	ACC	-2.4522552	5.9199066	12.337936
27552602	ACC	-3.3335419	6.5138245	10.728638
27552612	ACC	-4.1573486	6.9736176	8.81282
27552622	ACC	-4.827896	7.1843567	7.68248
27552631	ACC	-5.2493744	7.107727	6.5329742
27552641	ACC	-5.4026337	6.877823	5.383484
27552641	GPS	-7.832187	110.424965	108.62317
27552651	ACC	-5.364319	6.628769	4.751251
27552661	ACC	-5.287689	6.36055	4.9236755
27552671	ACC	-5.1344147	6.054016	5.6708527
27552681	ACC	-4.866211	5.7666473	6.4755096
27552690	ACC	-4.7129364	5.4984283	7.4717407
27552700	ACC	-4.5021973	5.2302094	7.874054
27552710	ACC	-4.387253	4.9811554	7.9890137
27552720	ACC	-4.1381836	4.847046	7.912369
27552730	ACC	-3.7550201	4.7704163	7.5292053
27552740	ACC	-3.314392	4.6171417	7.4334106
27552750	ACC	-2.8928986	4.4064026	7.337631
27552759	ACC	-2.5863647	4.310623	7.2418365
27552769	ACC	-2.4331055	4.272293	7.663315
27552779	ACC	-2.4331055	4.310623	8.353012
27552789	ACC	-2.3564758	4.2339783	9.483353
27552799	ACC	-2.3947906	4.1765137	10.824432
27552809	ACC	-2.835434	4.6937866	11.456665
27552818	ACC	-3.4484863	5.287689	12.184677
27552828	ACC	-4.1381836	6.092331	12.414566
27552838	ACC	-4.7129364	7.605835	12.855209
27552848	ACC	-4.7129364	9.02356	13.142593
27552858	ACC	-3.7550201	9.445038	12.529526
27552868	ACC	-1.9732971	8.81282	11.4375
27552878	ACC	-0.268219	7.893219	10.537064
27552887	ACC	0.3065338	7.395096	10.575378
27552897	ACC	0.03831482	7.069412	11.8398285
27552907	ACC	-0.34484863	6.2647552	13.104279
27552917	ACC	-0.7663269	5.1344147	14.06218
27552927	ACC	-1.0728607	4.099869	14.981781
27552937	ACC	-1.2644501	3.6975555	15.575684
27552947	ACC	-0.8621216	3.5059662	15.556534
27552956	ACC	0.03831482	3.1419525	15.020096
27552966	ACC	1.0345459	2.8737488	13.583221
27552976	ACC	1.3027649	2.835434	11.341705
27552986	ACC	1.1878204	3.0653229	9.061874
27552996	ACC	0.7471771	3.295227	7.126892
27553006	ACC	0.36401367	3.352707	5.594223
27553015	ACC	0.22990417	3.084488	4.655472
27553025	ACC	0.24905396	2.6055298	4.1956635
27553035	ACC	0.34484863	2.0116272	4.2339783
27553045	ACC	0.51727295	1.513504	4.866211
27553055	ACC	0.97706604	0.9962311	5.7283325
27553065	ACC	1.5709839	0.6130676	6.3414
27553075	ACC	2.2606812	0.15325928	6.590454
27553084	ACC	3.0078583	-0.268219	6.590454
27553094	ACC	3.563446	-0.6130676	6.2839203
27553104	ACC	3.9466095	-0.7663269	5.7666473
27553114	ACC	4.061554	-0.82380676	5.1344147
27553124	ACC	4.119034	-0.7663269	4.4638824
27553134	ACC	4.1381836	-0.55558777	3.6975555
27553143	ACC	3.9082947	-0.47895813	3.0653229
27553153	ACC	3.6975555	-0.42147827	2.9503784
27553163	ACC	3.276062	-0.28736877	3.3335419
27553173	ACC	2.5863647	-0.019165039	4.348938
27553183	ACC	1.8392029	0.3065338	5.843277
27553193	ACC	1.0728607	0.6705475	7.356781
27553203	ACC	0.3256836	1.5709839	9.02356
27553212	ACC	-0.21073914	2.7013245	10.211365
27553222	ACC	-0.5747528	3.6592407	9.981476
27553232	ACC	-0.7663269	5.0003204	9.445038
27553242	ACC	-1.0728607	6.7437134	8.697861
27553252	ACC	-1.1878204	8.755341	7.126892
27553262	ACC	-1.1111755	10.192215	6.0348663
27553271	ACC	-0.6322174	10.958542	6.36055
27553281	ACC	0.42147827	11.130966	7.893219
27553291	ACC	1.6092987	10.613693	10.364639
27553301	ACC	2.6630096	9.502518	14.004715
27553311	ACC	3.6209106	7.854904	17.395737
27553321	ACC	5.0961	5.7091675	18.602707
27553331	ACC	6.36055	3.314392	19.464828
27553340	ACC	6.571289	1.781723	19.522293
27553350	ACC	5.632538	1.4560242	18.066269
27553360	ACC	4.2531433	2.2032013	16.246231
27553370	ACC	3.0653229	3.1802826	13.583221
27553380	ACC	2.030777	4.0040894	10.613693
27553390	ACC	1.0537109	4.789566	8.103958
27553399	ACC	-0.019165039	5.651703	6.054016
27553409	ACC	-1.0728607	6.41803	4.1956635
27553419	ACC	-1.9541473	6.9544525	3.0653229
27553429	ACC	-2.4714203	7.050247	2.298996
27553439	ACC	-2.7396393	6.896988	1.7050934
27553449	ACC	-2.9120636	6.7628784	1.245285
27553458	ACC	-2.9312134	6.7053986	1.2644501
27553468	ACC	-2.9120636	6.628769	1.513504
27553478	ACC	-2.8545837	6.5138245	2.1840515
27553488	ACC	-2.8928986	6.2647552	3.1994324
27553498	ACC	-3.0078583	6.073181	4.559677
27553508	ACC	-3.3910217	5.900757	5.9965515
27553518	ACC	-3.9849243	5.862442	7.2418365
27553527	ACC	-4.4638824	5.9199066	8.008163
27553537	ACC	-4.559677	5.9390717	8.276382
27553547	ACC	-4.4447174	5.9582214	8.525436
27553557	ACC	-4.080719	5.9773865	8.602066
27553567	ACC	-3.7358704	6.0348663	8.678711
27553577	ACC	-3.352707	6.41803	8.88945
27553586	ACC	-3.1802826	6.9544525	9.157669
27553596	ACC	-2.9120636	7.2801514	9.483353
27553606	ACC	-2.2032013	7.68248	10.24968
27553616	ACC	-1.513504	8.467972	10.996857
27553626	ACC	-0.7088623	9.138504	11.954773
27553636	ACC	0.268219	9.349243	12.77858
27553646	ACC	1.1878204	8.88945	13.027634
27553655	ACC	1.9158325	8.0273285	13.008484
27553665	ACC	2.1457214	7.165207	13.123428
27553675	ACC	1.9732971	6.7053986	13.429962
27553675	GPS	-7.8322115	110.42498	118.2594
27553685	ACC	1.4943542	6.379715	14.023865
27553695	ACC	1.0728607	5.9773865	14.445358
27553705	ACC	0.5939026	5.7666473	14.311249
27553714	ACC	0.1341095	5.594223	14.04303
27553724	ACC	-0.34484863	5.4409485	13.564072
27553734	ACC	-0.91960144	5.3068542	13.008484
27553744	ACC	-1.4751892	5.057785	12.318787
27553754	ACC	-1.781723	4.751251	11.399185
27553764	ACC	-1.8392029	4.310623	10.479584
27553773	ACC	-1.6476135	3.7358704	9.349243
27553783	ACC	-1.245285	3.1802826	8.621231
27553793	ACC	-0.82380676	2.5289001	7.9698486
27553803	ACC	-0.4023285	1.8966675	7.586685
27553813	ACC	0.09579468	1.3985596	7.2801514
27553823	ACC	0.49812317	0.91960144	6.9353027
27553833	ACC	0.9004364	0.51727295	6.858673
27553842	ACC	1.2644501	0.24905396	6.801193
27553852	ACC	1.4943542	0.019165039	6.5138245
27553862	ACC	1.7242432	0.0	6.149811
27553872	ACC	2.0116272	-0.05747986	5.843277
27553882	ACC	2.3564758	-0.03831482	5.613373
27553892	ACC	2.7204742	-0.05747986	5.364319
27553901	ACC	3.046173	-0.3065338	5.2110596
27553911	ACC	3.3910217	-0.55558777	5.07695
27553921	ACC	3.5825958	-0.8046417	5.1918945
27553931	ACC	3.7550201	-0.9004364	5.1344147
27553941	ACC	3.8699799	-0.7280121	5.2302094
27553951	ACC	3.9082947	-0.55558777	6.0157013
27553961	ACC	3.7358704	-0.36401367	6.896988
27553970	ACC	3.352707	-0.11494446	8.084793
27553980	ACC	2.6438446	0.47895813	9.5216675
27553990	ACC	2.0690918	1.3793945	11.38002
27554000	ACC	1.8200378	1.8966675	12.184677
27554010	ACC	1.8775177	2.4331055	11.916458
27554020	ACC	2.0116272	3.563446	11.169281
27554029	ACC	1.9349823	5.1535797	10.1539
27554039	ACC	1.6476135	7.088562	8.870285
27554049	ACC	1.5518188	8.697861	8.142273
27554059	ACC	1.8392029	8.851135	8.084793
27554069	ACC	2.6630096	8.065643	8.927765
27554079	ACC	3.4293365	7.126892	10.881912
27554088	ACC	3.7358704	6.590454	12.951004
27554098	ACC	4.042404	5.900757	14.407028
27554108	ACC	4.578827	4.540512	14.771042
27554118	ACC	4.847046	3.1036377	14.713562
27554128	ACC	4.272293	2.4714203	14.196289
27554138	ACC	2.9695282	2.9312134	13.238373
27554148	ACC	1.3602448	3.7167053	11.878143
27554157	ACC	-0.03831482	4.4064026	10.23053
27554167	ACC	-1.2069702	5.2493744	8.77449
27554177	ACC	-2.241516	5.9965515	7.318466
27554187	ACC	-2.8737488	6.7628784	5.824127
27554197	ACC	-3.1994324	7.165207	4.7704163
27554207	ACC	-3.2377472	7.1843567	4.368088
27554216	ACC	-2.9120636	6.858673	4.329773
27554226	ACC	-2.4139404	6.3414	4.5021973
27554236	ACC	-1.8008728	5.881592	4.6746216
27554246	ACC	-1.1303406	5.575058	5.07695
27554256	ACC	-0.65138245	5.1727448	5.632538
27554266	ACC	-0.3256836	4.9811554	6.4563446
27554275	ACC	-0.28736877	4.808731	7.4525757
27554285	ACC	-0.6705475	4.8853607	8.218903
27554295	ACC	-1.2261353	5.0003204	8.353012
27554305	ACC	-1.8583527	5.0386353	8.046478
27554315	ACC	-2.4905853	5.057785	7.4717407
27554325	ACC	-3.1036377	5.287689	6.839508
27554335	ACC	-3.6209106	5.6900177	6.3414
27554344	ACC	-3.8699799	6.092331	6.073181
27554354	ACC	-4.042404	6.4946594	6.1881256
27554364	ACC	-4.119034	6.9544525	7.0119324
27554374	ACC	-4.1765137	7.4717407	8.391327
27554384	ACC	-4.061554	7.625	10.17305
27554394	ACC	-3.8699799	7.893219	12.548676
27554403	ACC	-3.2569122	8.506287	14.713562
27554413	ACC	-1.9158325	8.870285	16.246231
27554423	ACC	0.15325928	8.2955475	16.552765
27554433	ACC	2.2223663	7.2801514	15.978012
27554443	ACC	3.6017609	6.5521393	15.17337
27554453	ACC	4.0040894	6.647934	14.445358
27554463	ACC	3.9274445	6.9927826	13.640701
27554472	ACC	3.7741852	7.088562	12.472046
27554482	ACC	3.4676514	6.686249	11.207596
27554492	ACC	2.9503784	6.2456055	10.537064
27554502	ACC	2.030777	6.0157013	10.441269
27554512	ACC	0.91960144	5.881592	10.843597
27554522	ACC	0.28736877	5.632538	11.686554
27554531	ACC	0.11494446	4.9619904	11.744034
27554541	ACC	0.1341095	3.9466095	11.188446
27554551	ACC	0.11494446	3.1994324	10.479584
27554561	ACC	0.019165039	2.777954	9.559982
27554571	ACC	-0.09579468	2.4714203	8.77449
27554581	ACC	-0.17242432	2.1457214	8.065643
27554590	ACC	-0.17242432	1.8392029	7.4908905
27554600	ACC	-0.1341095	1.4751892	6.9736176
27554610	ACC	0.03831482	1.1303406	6.609604
27554620	ACC	0.36401367	0.7663269	6.4755096
27554630	ACC	0.8621216	0.5747528	6.3030853
27554640	ACC	1.3793945	0.28736877	6.111496
27554650	ACC	1.9924622	0.17242432	5.9199066
27554650	GPS	-7.8322334	110.42499	117.70953
27554659	ACC	2.6055298	0.019165039	5.632538
27554669	ACC	3.1802826	-0.05747986	5.115265
27554679	ACC	3.6400757	-0.09579468	4.4255676
27554689	ACC	4.023239	-0.05747986	3.8125
27554699	ACC	4.310623	-0.07662964	3.6209106
27554709	ACC	4.329773	0.05747986	3.6783905
27554718	ACC	4.023239	0.4406433	3.9849243
27554728	ACC	3.6783905	1.0537109	4.5021973
27554738	ACC	3.276062	1.6092987	5.3068542
27554748	ACC	2.797104	2.049942	6.2072906
27554758	ACC	2.241516	2.5289001	7.644165
27554768	ACC	1.9158325	2.9503784	9.425873
27554778	ACC	1.8008728	3.0653229	10.1539
27554787	ACC	1.6859283	3.4293365	10.17305
27554797	ACC	1.4177094	4.636307	9.789886
27554807	ACC	0.8812866	6.36055	9.579147
27554817	ACC	0.4597931	8.103958	9.176819
27554827	ACC	0.36401367	9.330093	9.234299
27554837	ACC	0.6322174	9.195984	9.5408325
27554846	ACC	1.1878204	8.429642	10.211365
27554856	ACC	1.6284485	8.046478	11.590759
27554866	ACC	1.7434082	7.893219	13.008484
27554876	ACC	2.1457214	7.644165	13.928085
27554886	ACC	2.9503784	6.839508	13.679016
27554896	ACC	3.7167053	5.7091675	12.970169
27554906	ACC	3.9657593	4.7321014	12.050568
27554915	ACC	3.544281	4.387253	11.418335
27554925	ACC	2.3373108	4.9811554	10.747803
27554935	ACC	1.0537109	5.7091675	10.345474
27554945	ACC	0.1341095	6.2647552	9.713257
27554955	ACC	-0.6130676	6.7053986	8.487122
27554965	ACC	-1.1111755	6.9544525	7.146042
27554974	ACC	-1.3219147	7.165207	5.6708527
27554984	ACC	-1.3219147	7.2993164	4.4638824
27554994	ACC	-0.91960144	7.165207	3.7358704
27555004	ACC	-0.51727295	6.782028	3.4101715
27555014	ACC	-0.1341095	6.379715	3.2569122
27555024	ACC	0.03831482	5.9390717	3.563446
27555033	ACC	-0.019165039	5.632538	4.1956635
27555043	ACC	-0.24905396	5.4217987	5.057785
27555053	ACC	-0.65138245	5.3068542	5.900757
27555063	ACC	-0.9962311	5.2302094	6.5138245
27555073	ACC	-1.2644501	5.0961	6.896988
27555083	ACC	-1.3793945	4.827896	7.088562
27555093	ACC	-1.4943542	4.540512	7.0119324
27555102	ACC	-1.6476135	4.368088	6.782028
27555112	ACC	-1.8392029	4.387253	6.571289
27555122	ACC	-2.0882568	4.6937866	6.4371796
27555132	ACC	-2.298996	5.1535797	6.647934
27555142	ACC	-2.4905853	5.594223	7.337631
27555152	ACC	-3.1994324	6.2264404	7.9506836
27555162	ACC	-3.9657593	7.146042	8.621231
27555171	ACC	-4.2339783	8.065643	9.5216675
27555181	ACC	-4.080719	8.793655	10.613693
27555191	ACC	-3.1994324	9.368408	12.165512
27555201	ACC	-1.4751892	9.2534485	13.0659485
27555211	ACC	0.34484863	8.448807	12.855209
27555221	ACC	1.513504	7.644165	12.472046
27555230	ACC	1.8775177	7.107727	12.088882
27555240	ACC	1.6476135	6.877823	12.031403
27555250	ACC	1.1494904	6.628769	12.567841
27555260	ACC	0.536438	6.41803	13.161743
27555270	ACC	0.19158936	6.1306458	13.3533325
27555280	ACC	0.07662964	5.9965515	13.0659485
27555289	ACC	0.03831482	5.900757	12.337936
27555299	ACC	-0.05747986	5.881592	11.341705
27555309	ACC	-0.19158936	5.881592	10.192215
27555319	ACC	-0.36401367	5.843277	9.157669
27555329	ACC	-0.4597931	5.7666473	8.142273
27555339	ACC	-0.4597931	5.613373	7.107727
27555349	ACC	-0.3065338	5.2493744	6.1881256
27555358	ACC	-0.05747986	4.866211	5.4409485
27555368	ACC	0.34484863	4.4255676	5.07695
27555378	ACC	0.8429718	3.9082947	5.057785
27555388	ACC	1.4368744	3.3718567	5.364319
27555398	ACC	1.9924622	2.6821594	5.9773865
27555408	ACC	2.509735	2.030777	6.7245636
27555417	ACC	3.0078583	1.5518188	7.050247
27555427	ACC	3.3335419	0.9962311	7.0119324
27555437	ACC	3.5251312	0.6130676	6.7628784
27555447	ACC	3.563446	0.536438	6.5329742
27555457	ACC	3.3910217	0.6130676	6.4755096
27555467	ACC	3.1228027	0.8621216	6.3414
27555477	ACC	2.835434	0.95791626	6.0157013
27555486	ACC	2.6246796	0.9962311	5.4601135
27555496	ACC	2.4139404	1.2261353	4.808731
27555506	ACC	2.241516	1.6667786	4.272293
27555516	ACC	1.9924622	2.241516	4.023239
27555526	ACC	1.9158325	2.8545837	4.1765137
27555536	ACC	1.8583527	3.3910217	4.808731
27555545	ACC	1.9349823	3.8699799	5.7474823
27555555	ACC	1.6859283	4.4064026	6.9544525
27555565	ACC	1.245285	5.1344147	8.391327
27555575	ACC	0.7280121	6.149811	9.559982
27555585	ACC	0.6322174	7.146042	10.441269
27555595	ACC	1.0153961	7.7591095	10.901062
27555604	ACC	1.6667786	8.065643	11.111816
27555614	ACC	2.4714203	8.161438	11.744034
27555624	ACC	3.1802826	8.065643	12.472046
27555634	ACC	3.5059662	7.835739	12.912689
27555644	ACC	3.4868164	7.4525757	12.970169
27555644	GPS	-7.8322496	110.42499	111.684265
27555654	ACC	3.3718567	6.858673	12.874374
27555664	ACC	2.835434	6.5329742	12.606155
27555673	ACC	1.8966675	6.3988647	12.242142
27555683	ACC	0.8621216	6.571289	11.686554
27555693	ACC	0.07662964	6.9544525	10.824432
27555703	ACC	-0.28736877	7.146042	9.943146
27555713	ACC	-0.24905396	7.088562	9.119354
27555723	ACC	-0.03831482	6.628769	8.448807
27555732	ACC	0.21073914	6.0348663	8.103958
27555742	ACC	0.21073914	5.594223	7.854904
27555752	ACC	0.1341095	5.326004	7.414261
27555762	ACC	0.07662964	5.115265	6.801193
27555772	ACC	0.21073914	4.9236755	6.149811
27555782	ACC	0.51727295	4.6171417	5.5175934
27555792	ACC	0.9387512	4.291458	5.057785
27555801	ACC	1.3985596	4.061554	4.7704163
27555811	ACC	1.7050934	3.8891296	4.4255676
27555821	ACC	1.7242432	3.6783905	4.119034
27555831	ACC	1.513504	3.5059662	4.080719
27555841	ACC	1.0920258	3.3718567	3.9466095
27555851	ACC	0.536438	3.295227	3.9657593
27555860	ACC	0.019165039	3.1802826	4.4255676
27555870	ACC	-0.4406433	3.1228027	4.9045258
27555880	ACC	-0.6705475	3.0078583	6.0348663
27555890	ACC	-0.8812866	2.9312134	7.4334106
27555900	ACC	-0.95791626	2.758789	8.525436
27555910	ACC	-1.0920258	2.4331055	9.368408
27555920	ACC	-1.4368744	2.2223663	9.8090515
27555929	ACC	-2.3181458	2.6630096	10.556213
27555939	ACC	-3.6209106	3.9274445	11.4375
27555949	ACC	-4.655472	5.555908	12.970169
27555959	ACC	-4.751251	6.8203583	15.020096
27555969	ACC	-3.6975555	6.896988	16.188751
27555979	ACC	-1.7050934	5.862442	15.805588
27555988	ACC	0.42147827	4.9236755	14.962631
27555998	ACC	1.9349823	4.636307	14.311249
27556008	ACC	2.9503784	4.348938	14.292084
27556018	ACC	3.8125	3.276062	14.598618
27556028	ACC	4.4638824	1.9349823	14.04303
27556038	ACC	4.559677	1.0345459	13.487442
27556048	ACC	3.831665	1.1303406	13.161743
27556057	ACC	2.758789	2.1648865	13.085114
27556067	ACC	1.8775177	3.2377472	13.008484
27556077	ACC	1.4943542	3.8699799	12.606155
27556087	ACC	1.1686554	4.119034	11.590759
27556097	ACC	0.8429718	4.272293	10.077255
27556107	ACC	0.28736877	4.4255676	8.659546
27556116	ACC	-0.268219	4.4255676	7.912369
27556126	ACC	-0.6322174	4.4064026	7.5292053
27556136	ACC	-0.6705475	4.2148285	7.375946
27556146	ACC	-0.3065338	3.8699799	7.4334106
27556156	ACC	0.268219	3.5251312	7.56752
27556166	ACC	0.95791626	3.276062	7.931534
27556175	ACC	1.6284485	3.1036377	8.391327
27556185	ACC	2.1648865	2.8545837	8.927765
27556195	ACC	2.4139404	2.567215	9.406723
27556205	ACC	2.3947906	2.279831	9.655777
27556215	ACC	2.2032013	2.049942	9.655777
27556225	ACC	1.9541473	1.9732971	9.310928
27556235	ACC	1.8392029	1.9158325	8.83197
27556244	ACC	1.7434082	1.8583527	8.2955475
27556254	ACC	1.7242432	1.8392029	7.625
27556264	ACC	1.8008728	1.9158325	6.877823
27556274	ACC	1.8392029	2.030777	6.2072906
27556284	ACC	1.9924622	2.1074066	5.900757
27556294	ACC	1.9732971	2.0690918	5.785797
27556303	ACC	1.8966675	1.9924622	5.804962
27556313	ACC	1.8200378	1.9924622	5.881592
27556323	ACC	1.8008728	1.9924622	5.824127
27556333	ACC	2.0882568	2.1265717	5.575058
27556343	ACC	2.6438446	2.2223663	5.4026337
27556353	ACC	3.1802826	2.1457214	5.594223
27556363	ACC	3.4868164	1.9924622	6.2264404
27556372	ACC	3.6400757	1.9541473	7.2418365
27556382	ACC	3.6592407	2.1265717	8.314697
27556392	ACC	3.6017609	2.3756256	9.119354
27556402	ACC	3.6017609	2.6821594	10.364639
27556412	ACC	3.6400757	3.027008	11.858978
27556422	ACC	3.6592407	3.3335419	13.410797
27556431	ACC	3.6783905	3.6400757	14.521988
27556441	ACC	3.7741852	3.9657593	15.039261
27556451	ACC	4.023239	4.1573486	14.905151
27556461	ACC	4.4830475	4.348938	14.196289
27556471	ACC	4.866211	4.5021973	13.3533325
27556481	ACC	5.0961	4.827896	12.376251
27556491	ACC	5.1344147	5.2493744	11.322556
27556500	ACC	4.789566	5.4792786	10.24968
27556510	ACC	4.2148285	5.7474823	9.138504
27556520	ACC	3.544281	5.9965515	8.429642
27556530	ACC	2.758789	6.3988647	8.276382
27556540	ACC	1.9349823	6.609604	8.678711
27556550	ACC	1.3985596	6.647934	9.502518
27556559	ACC	1.0728607	6.628769	10.1539
27556569	ACC	1.2261353	6.4755096	10.671173
27556579	ACC	1.6667786	6.168976	10.786118
27556589	ACC	2.3181458	5.824127	10.843597
27556599	ACC	2.8928986	5.575058	10.805283
27556609	ACC	3.5059662	5.2493744	10.364639
27556619	ACC	3.8699799	5.0003204	9.617462
27556628	ACC	4.099869	4.7704163	8.88945
27556628	GPS	-7.8322635	110.42498	108.18219
27556638	ACC	4.0040894	4.559677	8.2955475
27556648	ACC	3.5251312	4.310623	7.8165894
27556658	ACC	2.6821594	4.2531433	7.5292053
27556668	ACC	1.6667786	4.2339783	7.5100555
27556678	ACC	0.82380676	4.2531433	7.586685
27556688	ACC	0.36401367	4.291458	7.835739
27556697	ACC	0.11494446	4.329773	7.893219
27556707	ACC	0.3256836	4.2531433	7.68248
27556717	ACC	0.8046417	4.080719	7.318466
27556727	ACC	1.3602448	4.0040894	6.9736176
27556737	ACC	1.8008728	3.8125	6.647934
27556747	ACC	1.9349823	3.6017609	6.7245636
27556756	ACC	1.781723	3.5825958	6.9544525
27556766	ACC	1.4560242	3.6592407	7.069412
27556776	ACC	1.0920258	3.7550201	7.165207
27556786	ACC	0.78549194	3.831665	7.1843567
27556796	ACC	0.5747528	3.831665	7.088562
27556806	ACC	0.38316345	3.9657593	6.877823
27556816	ACC	0.22990417	4.042404	6.628769
27556825	ACC	0.09579468	4.310623	6.3988647
27556835	ACC	0.03831482	4.5021973	6.2456055
27556845	ACC	-0.019165039	4.578827	6.111496
27556855	ACC	0.019165039	4.5213623	6.111496
27556865	ACC	0.05747986	4.4064026	6.2264404
27556875	ACC	0.11494446	4.291458	6.590454
27556885	ACC	0.19158936	4.2339783	6.877823
27556894	ACC	0.21073914	4.1573486	7.107727
27556904	ACC	0.19158936	4.2531433	7.107727
27556914	ACC	0.21073914	4.5213623	6.9927826
27556924	ACC	0.36401367	4.866211	6.9161377
27556934	ACC	0.47895813	5.2110596	7.050247
27556944	ACC	0.55558777	5.4217987	7.2993164
27556953	ACC	0.55558777	5.536743	7.5292053
27556963	ACC	0.47895813	5.632538	7.9890137
27556973	ACC	0.19158936	5.6708527	8.621231
27556983	ACC	-0.38316345	5.632538	9.406723
27556993	ACC	-1.1494904	5.862442	10.192215
27557003	ACC	-2.1457214	6.3988647	10.786118
27557012	ACC	-2.9312134	7.146042	11.648239
27557022	ACC	-3.4293365	8.046478	12.548676
27557032	ACC	-3.4293365	8.717026	13.200058
27557042	ACC	-2.816269	9.176819	13.487442
27557052	ACC	-1.6476135	9.387558	13.161743
27557062	ACC	-0.536438	9.406723	12.529526
27557072	ACC	0.268219	9.713257	11.935623
27557081	ACC	0.68969727	9.904831	11.399185
27557091	ACC	0.8621216	9.904831	11.016022
27557101	ACC	0.8429718	9.655777	11.016022
27557111	ACC	0.68969727	9.310928	11.073486
27557121	ACC	0.38316345	8.851135	11.016022
27557131	ACC	0.21073914	8.429642	11.092651
27557140	ACC	0.17242432	7.931534	10.958542
27557150	ACC	0.24905396	7.337631	10.843597
27557160	ACC	0.38316345	6.7053986	10.843597
27557170	ACC	0.6130676	6.149811	10.786118
27557180	ACC	0.9387512	5.7283325	10.556213
27557190	ACC	1.3793945	5.326004	10.09642
27557200	ACC	1.8392029	4.9428406	9.368408
27557209	ACC	2.279831	4.5021973	8.487122
27557219	ACC	2.777954	4.042404	7.5100555
27557229	ACC	3.2377472	3.5251312	6.168976
27557239	ACC	3.544281	2.9312134	4.9236755
27557249	ACC	3.7358704	2.3564758	4.042404
27557259	ACC	3.831665	1.7050934	3.563446
27557269	ACC	3.793335	1.1303406	3.1994324
27557278	ACC	3.563446	0.5747528	3.1228027
27557288	ACC	3.2569122	0.34484863	3.2377472
27557298	ACC	2.9120636	0.21073914	3.563446
27557308	ACC	2.7396393	0.07662964	4.1381836
27557318	ACC	2.6438446	-0.09579468	4.6746216
27557328	ACC	2.758789	-0.21073914	5.1535797
27557337	ACC	2.8737488	-0.34484863	5.4792786
27557347	ACC	2.9312134	-0.47895813	5.7091675
27557357	ACC	2.777954	-0.536438	5.9965515
27557367	ACC	2.4139404	-0.3065338	6.571289
27557377	ACC	1.8775177	0.36401367	7.356781
27557387	ACC	1.3793945	1.4943542	8.2955475
27557397	ACC	1.0345459	2.509735	8.736176
27557406	ACC	0.8621216	3.4676514	8.697861
27557416	ACC	0.68969727	4.6937866	8.333862
27557426	ACC	0.42147827	5.9965515	8.161438
27557436	ACC	0.19158936	7.5292053	8.467972
27557446	ACC	0.19158936	8.77449	8.621231
27557456	ACC	0.268219	9.674942	9.100189
27557465	ACC	0.15325928	9.943146	9.962311
27557475	ACC	-0.34484863	9.847366	11.188446
27557485	ACC	-1.0345459	9.655777	12.472046
27557495	ACC	-1.8583527	9.272614	13.544907
27557505	ACC	-2.54805	9.234299	14.560303
27557515	ACC	-2.777954	9.215134	14.8476715
27557525	ACC	-2.509735	9.195984	14.138824
27557534	ACC	-1.6284485	8.88945	13.123428
27557544	ACC	-0.24905396	8.410492	11.8398285
27557554	ACC	0.9387512	7.9506836	10.537064
27557564	ACC	1.762558	7.56752	9.598297
27557574	ACC	2.049942	7.146042	8.678711
27557584	ACC	1.8392029	6.7437134	8.065643
27557594	ACC	1.1686554	6.2072906	7.2226715
27557603	ACC	0.36401367	5.881592	6.3414
27557613	ACC	-0.4597931	5.575058	5.268524
27557623	ACC	-1.1878204	5.2493744	4.2148285
27557633	ACC	-1.781723	4.9236755	3.3718567
27557643	ACC	-2.030777	4.6171417	2.816269
27557653	ACC	-2.0116272	4.272293	2.4905853
27557662	ACC	-1.7434082	3.9466095	2.241516
27557662	GPS	-7.832272	110.424965	108.93164
27557672	ACC	-1.3793945	3.5251312	2.0690918
27557682	ACC	-0.97706604	3.1994324	1.9349823
27557692	ACC	-0.7471771	3.027008	1.5901337
27557702	ACC	-0.8621216	2.9886932	1.4560242
27557712	ACC	-1.3219147	3.1228027	1.4943542
27557722	ACC	-1.9158325	3.314392	1.6667786
27557731	ACC	-2.3756256	3.5059662	2.241516
27557741	ACC	-2.9120636	3.793335	3.027008
27557751	ACC	-3.4676514	4.2148285	3.9657593
27557761	ACC	-3.9274445	4.9236755	5.1918945
27557771	ACC	-4.559677	5.862442	6.7437134
27557781	ACC	-5.2302094	7.165207	8.391327
27557791	ACC	-5.268524	8.621231	10.019791
27557800	ACC	-4.4064026	9.751572	11.51413
27557810	ACC	-2.7204742	10.441269	12.70195
27557820	ACC	-0.42147827	10.690323	13.372482
27557830	ACC	1.8583527	10.709488	14.06218
27557840	ACC	3.5251312	10.498749	14.464508
27557850	ACC	4.1956635	10.115585	14.8476715
27557859	ACC	3.8699799	9.674942	15.096741
27557869	ACC	2.777954	9.387558	15.422424
27557879	ACC	1.3410797	9.100189	15.690643
27557889	ACC	0.17242432	8.946915	15.403259
27557899	ACC	-0.4597931	8.870285	14.330399
27557909	ACC	-0.7280121	8.96608	12.855209
27557918	ACC	-0.6130676	8.793655	11.590759
27557928	ACC	-0.15325928	8.2955475	10.996857
27557938	ACC	0.6322174	7.356781	11.111816
27557948	ACC	1.4368744	6.149811	11.226761
27557958	ACC	1.8775177	5.268524	10.996857
27557968	ACC	1.8583527	4.6937866	10.402954
27557978	ACC	1.6476135	4.4064026	9.713257
27557987	ACC	1.4368744	4.0040894	9.081024
27557997	ACC	1.5709839	3.4868164	8.81282
27558007	ACC	1.8392029	2.816269	8.218903
27558017	ACC	2.2032013	2.241516	7.5483704
27558027	ACC	2.567215	1.8392029	7.069412
27558037	ACC	2.9695282	1.4368744	6.4371796
27558046	ACC	3.1611176	0.9962311	5.594223
27558056	ACC	3.1802826	0.5939026	4.8853607
27558066	ACC	3.1036377	0.42147827	4.2148285
27558076	ACC	2.8545837	0.3065338	3.8699799
27558086	ACC	2.5863647	0.268219	3.793335
27558096	ACC	2.509735	0.24905396	4.023239
27558106	ACC	2.6055298	0.21073914	4.387253
27558115	ACC	2.8737488	0.22990417	4.6746216
27558125	ACC	3.295227	0.17242432	4.9619904
27558135	ACC	3.6783905	0.11494446	5.632538
27558145	ACC	3.9466095	0.38316345	6.36055
27558155	ACC	4.291458	0.55558777	7.2609863
27558165	ACC	4.7704163	0.6705475	8.161438
27558175	ACC	5.326004	0.9004364	8.96608
27558184	ACC	5.7474823	1.1111755	9.789886
27558194	ACC	6.0348663	1.0345459	10.843597
27558204	ACC	5.0961	1.5709839	11.150131
27558214	ACC	3.831665	3.314392	11.475815
27558224	ACC	2.298996	5.2110596	11.226761
27558234	ACC	0.8812866	7.0310974	11.150131
27558243	ACC	-0.1341095	8.506287	10.862747
27558253	ACC	-0.47895813	9.157669	10.728638
27558263	ACC	-0.268219	8.927765	11.111816
27558273	ACC	0.7280121	8.103958	11.667404
27558283	ACC	2.030777	7.088562	11.744034
27558293	ACC	3.4868164	5.9773865	11.284241
27558303	ACC	4.368088	4.8853607	10.460434
27558312	ACC	4.540512	3.9657593	10.115585
27558322	ACC	3.8508148	3.6975555	10.479584
27558332	ACC	1.9924622	4.1573486	10.881912
27558342	ACC	0.22990417	4.9619904	10.901062
27558352	ACC	-1.1878204	5.4792786	10.441269
27558362	ACC	-2.0882568	5.7283325	9.828201
27558371	ACC	-2.5289001	5.9199066	8.77449
27558381	ACC	-2.4139404	5.9582214	7.625
27558391	ACC	-2.1265717	5.9199066	6.5329742
27558401	ACC	-1.6859283	5.824127	5.4984283
27558411	ACC	-1.3602448	5.900757	4.272293
27558421	ACC	-1.1303406	6.092331	3.4868164
27558431	ACC	-0.8621216	6.2072906	3.1802826
27558440	ACC	-0.6322174	6.1881256	3.1036377
27558450	ACC	-0.4406433	6.0348663	3.4101715
27558460	ACC	-0.49812317	5.900757	4.272293
27558470	ACC	-0.8812866	5.881592	5.383484
27558480	ACC	-1.6092987	5.881592	6.6670837
27558490	ACC	-2.298996	6.092331	7.4334106
27558499	ACC	-2.835434	6.4563446	7.874054
27558509	ACC	-2.8928986	6.686249	8.008163
27558519	ACC	-2.6246796	6.628769	8.2955475
27558529	ACC	-2.2223663	6.4946594	8.736176
27558539	ACC	-1.8200378	6.379715	9.483353
27558549	ACC	-1.3793945	6.2839203	10.671173
27558559	ACC	-0.9004364	6.2456055	12.299622
27558568	ACC	-0.3065338	6.2839203	13.85144
27558578	ACC	0.28736877	6.590454	15.9205475
27558588	ACC	0.7280121	7.050247	18.162064
27558598	ACC	1.7434082	7.050247	19.847992
27558608	ACC	3.5059662	6.111496	19.426514
27558618	ACC	5.1344147	4.789566	17.472366
27558627	ACC	5.9965515	4.023239	15.460739
27558637	ACC	5.2302094	4.751251	14.10051
27558647	ACC	3.4484863	6.36055	13.736496
27558657	ACC	1.8583527	7.5100555	13.602386
27558667	ACC	0.8621216	7.663315	12.989319
27558667	GPS	-7.8322654	110.42495	108.907776
27558677	ACC	0.36401367	7.375946	11.552444
27558687	ACC	0.22990417	6.7437134	10.115585
27558696	ACC	0.09579468	5.9199066	8.985245
27558706	ACC	-0.09579468	5.115265	8.314697
27558716	ACC	-0.36401367	4.1381836	8.123123
27558726	ACC	-0.65138245	3.2377472	8.123123
27558736	ACC	-0.97706604	2.6438446	8.123123
27558746	ACC	-1.1111755	2.279831	7.9890137
27558755	ACC	-0.91960144	1.8392029	7.8165894
27558765	ACC	-0.34484863	1.245285	7.605835
27558775	ACC	0.36401367	0.6705475	7.318466
27558785	ACC	1.1303406	0.17242432	7.0310974
27558795	ACC	1.8008728	0.0	6.5329742
27558805	ACC	2.6438446	-0.019165039	5.824127
27558815	ACC	3.4101715	-0.03831482	4.9045258
27558824	ACC	3.9849243	0.1341095	3.9849243
27558834	ACC	4.5021973	-0.019165039	3.4101715
27558844	ACC	4.655472	-0.3065338	3.276062
27558854	ACC	4.559677	-0.49812317	3.9466095
27558864	ACC	4.1381836	-0.51727295	4.9619904
27558874	ACC	3.7167053	-0.4597931	6.2456055
27558883	ACC	3.4676514	-0.4023285	7.1843567
27558893	ACC	3.6017609	-0.28736877	7.7016296
27558903	ACC	3.9849243	-0.24905396	8.257217
27558913	ACC	4.348938	-0.34484863	8.755341
27558923	ACC	4.6937866	-0.4597931	9.272614
27558933	ACC	4.751251	-0.536438	9.636627
27558943	ACC	4.5021973	-0.55558777	10.1539
27558952	ACC	3.8508148	-0.34484863	10.747803
27558962	ACC	3.0653229	0.8429718	12.031403
27558972	ACC	2.8737488	1.8392029	13.238373
27558982	ACC	3.046173	2.1648865	12.797745
27558992	ACC	3.2185974	3.0078583	11.456665
27559002	ACC	2.9695282	4.751251	9.502518
27559012	ACC	2.279831	7.146042	7.663315
27559021	ACC	1.6284485	9.310928	6.3030853
27559031	ACC	1.4751892	9.694092	6.1881256
27559041	ACC	1.4368744	8.736176	8.065643
27559051	ACC	1.3793945	7.4334106	10.402954
27559061	ACC	1.2069702	6.073181	12.816895
27559071	ACC	1.1111755	4.827896	13.3341675
27559080	ACC	1.1494904	3.4676514	12.951004
27559090	ACC	1.1494904	2.298996	12.184677
27559100	ACC	0.5747528	1.8200378	11.935623
27559110	ACC	-0.36401367	2.1265717	11.36087
27559120	ACC	-1.4177094	3.0653229	10.28801
27559130	ACC	-2.1457214	4.042404	8.678711
27559140	ACC	-2.5863647	4.9045258	7.146042
27559149	ACC	-2.835434	5.6708527	5.7666473
27559159	ACC	-3.046173	6.2264404	4.4638824
27559169	ACC	-3.314392	6.8203583	3.352707
27559179	ACC	-3.5251312	7.2801514	2.8928986
27559189	ACC	-3.563446	7.5292053	2.6246796
27559199	ACC	-3.2377472	7.586685	2.4714203
27559208	ACC	-2.6438446	7.4717407	2.6055298
27559218	ACC	-1.9158325	7.1843567	2.9120636
27559228	ACC	-1.2644501	6.9161377	3.4868164
27559238	ACC	-0.91960144	6.7628784	4.751251
27559248	ACC	-0.8046417	6.686249	6.7437134
27559258	ACC	-1.1111755	6.571289	8.946915
27559268	ACC	-1.2835999	6.41803	10.901062
27559277	ACC	-1.4560242	6.2647552	12.203827
27559287	ACC	-1.4943542	6.2839203	12.510361
27559297	ACC	-1.5709839	6.4371796	12.472046
27559307	ACC	-1.7050934	6.6670837	12.222992
27559317	ACC	-1.6476135	6.782028	11.878143
27559327	ACC	-1.5326691	6.686249	11.322556
27559337	ACC	-1.1686554	6.839508	10.345474
27559346	ACC	-0.536438	7.165207	9.157669
27559356	ACC	-0.019165039	7.68248	8.659546
27559366	ACC	0.34484863	8.582916	9.119354
27559376	ACC	1.1686554	9.119354	10.134735
27559386	ACC	2.3756256	8.678711	10.786118
27559396	ACC	3.3335419	7.356781	11.0351715
27559405	ACC	3.5825958	6.111496	11.207596
27559415	ACC	3.2185974	5.5175934	11.590759
27559425	ACC	2.3756256	5.1918945	12.165512
27559435	ACC	1.6859283	4.9619904	13.123428
27559445	ACC	1.4368744	4.5213623	13.85144
27559455	ACC	1.4368744	3.5825958	14.138824
27559465	ACC	1.5709839	2.6055298	14.157974
27559474	ACC	1.4368744	1.8966675	13.487442
27559484	ACC	1.1303406	1.513504	12.1080475
27559494	ACC	0.7663269	1.2644501	10.594528
27559504	ACC	0.47895813	1.1878204	9.215134
27559514	ACC	0.4406433	1.1303406	8.218903
27559524	ACC	0.65138245	1.1303406	7.146042
27559534	ACC	1.0153961	0.9387512	6.2839203
27559543	ACC	1.513504	0.7280121	5.6900177
27559553	ACC	1.9924622	0.55558777	5.345169
27559563	ACC	2.5289001	0.38316345	5.287689
27559573	ACC	3.1228027	0.0	5.5175934
27559583	ACC	3.544281	-0.4406433	5.7666473
27559593	ACC	3.8125	-0.7280121	6.2839203
27559602	ACC	4.0040894	-0.7663269	6.647934
27559612	ACC	4.099869	-0.5939026	6.801193
27559622	ACC	4.042404	-0.36401367	6.3988647
27559632	ACC	3.8508148	-0.24905396	5.9773865
27559642	ACC	3.6783905	-0.07662964	5.4984283
27559652	ACC	3.6017609	0.05747986	5.1535797
27559652	GPS	-7.832245	110.42494	108.458984
27559662	ACC	3.6783905	0.019165039	5.115265
27559671	ACC	3.7741852	0.03831482	5.575058
27559681	ACC	3.7741852	0.05747986	6.322235
27559691	ACC	3.7741852	0.09579468	7.56752
27559701	ACC	3.8508148	0.17242432	8.793655
27559711	ACC	3.9082947	0.11494446	10.345474
27559721	ACC	3.8891296	0.11494446	12.1080475
27559731	ACC	4.1765137	0.4023285	13.429962
27559740	ACC	4.9045258	0.47895813	13.698181
27559750	ACC	5.268524	0.68969727	12.855209
27559760	ACC	4.8853607	2.1457214	11.724869
27559770	ACC	4.080719	4.827896	9.923996
27559780	ACC	3.2569122	7.68248	7.931534
27559790	ACC	2.8545837	9.464203	6.8203583
27559799	ACC	2.7396393	9.464203	6.896988
27559809	ACC	2.6821594	8.506287	8.640396
27559819	ACC	2.7396393	7.414261	11.341705
27559829	ACC	3.046173	6.2072906	13.564072
27559839	ACC	3.3718567	5.115265	13.717331
27559849	ACC	3.7167053	3.8699799	13.238373
27559859	ACC	3.6592407	3.1802826	12.893524
27559868	ACC	2.8545837	3.295227	13.0659485
27559878	ACC	1.4560242	4.061554	13.391647
27559888	ACC	0.3256836	4.9428406	13.449127
27559898	ACC	-0.5939026	5.7474823	13.3341675
27559908	ACC	-1.781723	6.4946594	12.70195
27559918	ACC	-3.027008	7.069412	12.1080475
27559927	ACC	-3.9657593	7.4717407	11.322556
27559937	ACC	-4.4447174	7.663315	10.268845
27559947	ACC	-4.272293	7.644165	9.215134
27559957	ACC	-3.563446	7.4334106	8.008163
27559967	ACC	-2.567215	7.165207	6.896988
27559977	ACC	-1.6476135	6.877823	6.2839203
27559987	ACC	-0.9962311	6.7053986	6.2072906
27559996	ACC	-0.7088623	6.4946594	6.41803
27560006	ACC	-0.9004364	6.379715	6.4946594
27560016	ACC	-1.2069702	6.36055	6.5329742
27560026	ACC	-1.6092987	6.3414	6.4563446
27560036	ACC	-1.8392029	6.2839203	6.092331
27560046	ACC	-2.0690918	6.3988647	5.7283325
27560055	ACC	-2.1648865	6.647934	5.575058
27560065	ACC	-2.1265717	6.9161377	5.613373
27560075	ACC	-2.049942	6.8203583	6.054016
27560085	ACC	-1.9541473	6.5329742	7.126892
27560095	ACC	-1.8966675	6.4563446	8.563751
27560105	ACC	-1.7242432	6.590454	9.847366
27560115	ACC	-1.245285	6.858673	11.265076
27560124	ACC	-0.49812317	7.069412	12.203827
27560134	ACC	0.7088623	7.2801514	12.58699
27560144	ACC	1.9924622	7.2609863	12.031403
27560154	ACC	2.9886932	6.9736176	11.36087
27560164	ACC	3.4676514	6.4563446	10.786118
27560174	ACC	3.3910217	6.2264404	10.192215
27560183	ACC	3.0653229	6.3414	9.943146
27560193	ACC	2.835434	6.5138245	9.885681
27560203	ACC	2.6821594	6.5138245	9.157669
27560213	ACC	2.6630096	6.1881256	8.353012
27560223	ACC	2.7396393	5.4792786	8.084793
27560233	ACC	2.4522552	4.4064026	7.893219
27560243	ACC	2.0690918	3.4484863	8.391327
27560252	ACC	1.6667786	2.7396393	8.81282
27560262	ACC	1.4177094	2.1265717	8.88945
27560272	ACC	1.3602448	1.6476135	8.755341
27560282	ACC	1.4751892	1.3219147	8.429642
27560292	ACC	1.4751892	1.0153961	7.931534
27560302	ACC	1.1878204	0.7280121	7.5292053
27560311	ACC	0.8812866	0.91960144	7.395096
27560321	ACC	0.8621216	1.0345459	7.2226715
27560331	ACC	1.1878204	0.6322174	7.625
27560341	ACC	1.8008728	-0.019165039	8.448807
27560351	ACC	2.3373108	-0.78549194	9.119354
27560361	ACC	2.797104	-1.2261353	9.789886
27560371	ACC	3.1036377	-1.4943542	10.326324
27560380	ACC	3.295227	-1.5326691	10.575378
27560390	ACC	3.4676514	-1.3793945	10.268845
27560400	ACC	3.7167053	-1.0728607	9.483353
27560410	ACC	3.8891296	-0.68969727	8.276382
27560420	ACC	3.9466095	-0.42147827	6.9161377
27560430	ACC	3.9657593	-0.15325928	5.881592
27560439	ACC	3.8699799	0.05747986	5.0386353
27560449	ACC	3.9466095	0.268219	4.597992
27560459	ACC	4.099869	0.4023285	4.597992
27560469	ACC	4.387253	0.4406433	4.808731
27560479	ACC	4.4255676	0.536438	5.7091675
27560489	ACC	4.1956635	0.95791626	7.605835
27560499	ACC	3.9274445	1.8392029	10.077255
27560508	ACC	4.1765137	2.3181458	12.069717
27560518	ACC	5.01947	1.762558	12.395416
27560528	ACC	5.651703	1.7242432	11.667404
27560538	ACC	5.785797	3.027008	10.441269
27560548	ACC	5.5175934	4.9811554	8.582916
27560558	ACC	5.057785	6.7245636	7.414261
27560567	ACC	4.7321014	7.4717407	7.1843567
27560577	ACC	4.368088	6.877823	8.467972
27560587	ACC	3.9849243	5.804962	10.326324
27560597	ACC	3.6017609	4.6171417	12.663635
27560607	ACC	3.2569122	3.5251312	14.502823
27560617	ACC	2.7396393	2.8737488	15.594849
27560627	ACC	2.1648865	2.6630096	16.32286
27560636	ACC	1.6667786	2.797104	16.476135
27560636	GPS	-7.8322186	110.42494	110.01898
27560646	ACC	1.3793945	3.2377472	15.230835
27560656	ACC	1.1111755	3.8508148	13.046799
27560666	ACC	0.91960144	4.597992	10.862747
27560676	ACC	0.42147827	5.3068542	8.81282
27560686	ACC	-0.1341095	5.7091675	6.9161377
27560696	ACC	-0.9004364	5.9582214	5.575058
27560705	ACC	-1.781723	5.9199066	4.847046
27560715	ACC	-2.6055298	5.804962	4.4830475
27560725	ACC	-3.2377472	5.6900177	4.329773
27560735	ACC	-3.793335	5.536743	4.578827
27560745	ACC	-4.1573486	5.4217987	5.2302094
27560755	ACC	-4.387253	5.326004	6.2072906
27560764	ACC	-4.368088	5.2493744	7.146042
27560774	ACC	-4.042404	5.1344147	7.7399445
27560784	ACC	-3.6017609	4.9811554	7.8165894
27560794	ACC	-3.1802826	4.847046	7.5483704
27560804	ACC	-2.797104	4.789566	7.088562
27560814	ACC	-2.6438446	4.827896	6.5138245
27560824	ACC	-2.7013245	4.9811554	6.2456055
27560833	ACC	-2.9312134	5.1918945	6.379715
27560843	ACC	-3.3335419	5.268524	6.686249
27560853	ACC	-3.7167053	5.1535797	7.107727
27560863	ACC	-3.9082947	5.1918945	7.5292053
27560873	ACC	-3.9082947	5.1727448	7.586685
27560883	ACC	-3.9657593	5.287689	7.9890137
27560892	ACC	-4.0040894	5.4409485	9.119354
27560902	ACC	-3.6592407	5.383484	10.479584
27560912	ACC	-3.084488	5.4984283	11.935623
27560922	ACC	-2.1265717	5.6900177	13.544907
27560932	ACC	-0.8046417	5.6708527	14.5794525
27560942	ACC	0.28736877	5.613373	14.617783
27560952	ACC	1.2069702	5.555908	14.06218
27560961	ACC	1.8008728	5.4792786	13.525757
27560971	ACC	2.1648865	5.1918945	13.161743
27560981	ACC	2.3373108	4.866211	13.276703
27560991	ACC	2.4714203	4.4447174	13.698181
27561001	ACC	2.6055298	4.1381836	14.023865
27561011	ACC	2.9120636	3.6017609	13.947235
27561020	ACC	3.4101715	2.9312134	13.315018
27561030	ACC	3.7741852	2.3756256	12.299622
27561040	ACC	3.8125	2.0690918	11.36087
27561050	ACC	3.6017609	1.9158325	10.671173
27561060	ACC	3.1036377	1.8392029	10.326324
27561070	ACC	2.298996	1.5518188	10.192215
27561080	ACC	1.4560242	1.3219147	10.326324
27561089	ACC	0.6705475	1.3602448	10.28801
27561099	ACC	0.05747986	1.2644501	9.981476
27561109	ACC	-0.1341095	0.97706604	9.694092
27561119	ACC	0.0	0.47895813	9.291779
27561129	ACC	0.3256836	0.0	8.927765
27561139	ACC	0.9962311	-0.36401367	8.678711
27561149	ACC	1.7242432	-0.55558777	8.257217
27561158	ACC	2.3947906	-0.82380676	7.644165
27561168	ACC	3.1611176	-1.0345459	6.609604
27561178	ACC	3.7358704	-1.0920258	5.4984283
27561188	ACC	4.080719	-0.8429718	4.5213623
27561198	ACC	4.387253	-0.7088623	3.7741852
27561208	ACC	4.636307	-0.65138245	3.3910217
27561217	ACC	4.6171417	-0.6322174	3.2377472
27561227	ACC	4.4255676	-0.55558777	3.4676514
27561237	ACC	4.080719	-0.4023285	3.831665
27561247	ACC	3.6400757	-0.21073914	4.329773
27561257	ACC	3.276062	-0.019165039	4.9236755
27561267	ACC	3.1419525	0.03831482	5.326004
27561277	ACC	3.2377472	-0.09579468	5.7283325
27561286	ACC	3.5059662	-0.36401367	6.092331
27561296	ACC	3.5825958	-0.65138245	6.5138245
27561306	ACC	3.4868164	-0.55558777	7.088562
27561316	ACC	3.295227	0.24905396	7.9698486
27561326	ACC	3.1994324	1.0728607	8.391327
27561336	ACC	3.1994324	1.6667786	8.83197
27561345	ACC	3.4676514	2.6630096	9.138504
27561355	ACC	3.6209106	4.023239	8.602066
27561365	ACC	3.7358704	4.827896	8.2955475
27561375	ACC	3.7550201	4.866211	8.659546
27561385	ACC	3.4293365	4.119034	10.1539
27561395	ACC	2.1648865	2.9886932	12.548676
27561404	ACC	0.55558777	1.6092987	15.690643
27561414	ACC	-0.8812866	0.42147827	18.506912
27561424	ACC	-1.6092987	-0.3065338	19.0625
27561434	ACC	-1.9541473	-0.4597931	18.372803
27561444	ACC	-2.2032013	-0.019165039	17.165833
27561454	ACC	-2.3564758	1.0920258	15.058411
27561464	ACC	-2.1840515	2.298996	12.759415
27561473	ACC	-1.8200378	3.276062	10.575378
27561483	ACC	-1.5709839	4.597992	8.77449
27561493	ACC	-1.6092987	5.804962	7.126892
27561503	ACC	-1.9158325	6.877823	5.862442
27561513	ACC	-2.509735	7.375946	5.07695
27561523	ACC	-3.3910217	7.68248	4.7704163
27561532	ACC	-4.4638824	7.912369	5.1535797
27561542	ACC	-5.575058	7.9890137	5.632538
27561552	ACC	-6.3030853	7.9698486	6.168976
27561562	ACC	-6.5521393	7.7591095	6.5521393
27561572	ACC	-6.3030853	7.2801514	6.36055
27561582	ACC	-5.785797	6.6670837	6.3030853
27561592	ACC	-5.057785	5.9773865	6.3030853
27561601	ACC	-4.272293	5.364319	6.2456055
27561611	ACC	-3.4676514	4.847046	6.4755096
27561621	ACC	-2.9312134	4.6937866	7.165207
27561631	ACC	-2.835434	4.751251	7.912369
27561641	ACC	-2.9312134	4.751251	8.96608
27561651	ACC	-3.084488	4.540512	10.24968
27561660	ACC	-3.314392	4.2339783	11.265076
27561670	ACC	-4.023239	4.099869	12.452896
27561670	GPS	-7.8321934	110.42495	109.77942
27561680	ACC	-4.9236755	4.329773	13.6215515
27561690	ACC	-5.651703	5.1344147	15.058411
27561700	ACC	-5.651703	5.613373	16.897614
27561710	ACC	-4.9428406	5.1344147	18.947556
27561719	ACC	-3.5251312	3.9466095	20.825058
27561729	ACC	-1.8775177	2.5289001	22.204453
27561739	ACC	-0.17242432	1.4751892	22.760056
27561749	ACC	1.2069702	0.55558777	22.338562
27561759	ACC	2.3756256	-0.1341095	20.671799
27561769	ACC	3.3718567	-0.5939026	18.085434
27561779	ACC	4.023239	-0.7088623	14.675247
27561788	ACC	4.1381836	-0.17242432	11.130966
27561798	ACC	3.831665	0.6705475	8.448807
27561808	ACC	3.352707	1.3985596	7.0119324
27561818	ACC	2.54805	1.6667786	5.804962
27561828	ACC	1.5709839	1.5518188	4.847046
27561838	ACC	0.5939026	1.3985596	4.329773
27561847	ACC	-0.55558777	1.1686554	4.310623
27561857	ACC	-1.7242432	0.95791626	4.2339783
27561867	ACC	-2.4139404	0.51727295	4.6171417
27561877	ACC	-2.5289001	0.0	5.0003204
27561887	ACC	-2.1840515	-0.49812317	5.7474823
27561897	ACC	-1.4560242	-1.0728607	6.41803
27561907	ACC	-0.5747528	-1.6284485	6.9161377
27561916	ACC	0.17242432	-2.1265717	7.2226715
27561926	ACC	0.78549194	-2.3756256	7.318466
27561936	ACC	1.0345459	-2.4139404	7.356781
27561946	ACC	1.1303406	-2.3373108	7.4334106
27561956	ACC	1.245285	-2.2606812	7.7399445
27561966	ACC	1.4751892	-2.1265717	7.586685
27561975	ACC	1.8200378	-2.0882568	7.2609863
27561985	ACC	2.3181458	-2.0116272	6.801193
27561995	ACC	2.9503784	-1.9158325	6.2647552
27562005	ACC	3.4101715	-1.8775177	5.536743
27562015	ACC	3.7358704	-1.7242432	4.9428406
27562025	ACC	3.9082947	-1.6284485	4.9236755
27562035	ACC	3.9657593	-1.6476135	5.4601135
27562044	ACC	3.6783905	-1.8583527	6.9353027
27562054	ACC	2.9503784	-1.8200378	9.02356
27562064	ACC	1.8008728	-1.3027649	11.130966
27562074	ACC	0.78549194	-0.5747528	12.874374
27562084	ACC	0.28736877	0.09579468	13.410797
27562094	ACC	0.11494446	0.82380676	12.1080475
27562103	ACC	-0.019165039	2.2223663	10.326324
27562113	ACC	-0.11494446	4.119034	8.736176
27562123	ACC	-0.11494446	5.4984283	8.008163
27562133	ACC	-0.19158936	6.322235	8.084793
27562143	ACC	-0.11494446	6.36055	8.77449
27562153	ACC	0.7471771	5.843277	10.345474
27562163	ACC	1.7242432	4.8853607	12.318787
27562172	ACC	2.9312134	3.4868164	14.617783
27562182	ACC	3.9849243	1.8775177	15.096741
27562192	ACC	4.540512	0.3065338	14.866837
27562202	ACC	3.9274445	-0.07662964	15.039261
27562212	ACC	2.6055298	1.3219147	14.8476715
27562222	ACC	1.3410797	2.5289001	14.541138
27562231	ACC	0.34484863	3.3718567	14.502823
27562241	ACC	-0.4406433	4.061554	13.947235
27562251	ACC	-1.513504	4.751251	12.62532
27562261	ACC	-2.6821594	5.383484	10.709488
27562271	ACC	-3.6592407	5.824127	8.621231
27562281	ACC	-4.4064026	6.2839203	6.41803
27562291	ACC	-4.6746216	6.628769	4.751251
27562300	ACC	-4.578827	6.590454	4.1765137
27562310	ACC	-4.099869	6.322235	4.4064026
27562320	ACC	-3.7358704	6.073181	5.383484
27562330	ACC	-3.5059662	5.9965515	7.146042
27562340	ACC	-3.4868164	5.9390717	8.180588
27562350	ACC	-3.793335	5.9390717	8.602066
27562359	ACC	-4.1956635	6.111496	8.793655
27562369	ACC	-4.4638824	6.379715	8.238068
27562379	ACC	-4.291458	6.628769	7.4908905
27562389	ACC	-3.9466095	6.647934	7.126892
27562399	ACC	-3.831665	6.5329742	7.2993164
27562409	ACC	-3.7167053	6.590454	7.9698486
27562419	ACC	-3.8125	6.7437134	8.96608
27562428	ACC	-3.9849243	6.877823	10.613693
27562438	ACC	-3.9657593	6.7437134	12.62532
27562448	ACC	-3.6592407	6.782028	13.85144
27562458	ACC	-3.1036377	6.9736176	14.196289
27562468	ACC	-2.279831	7.4334106	14.081345
27562478	ACC	-1.6476135	8.506287	13.90892
27562488	ACC	-0.5747528	9.464203	13.9664
27562497	ACC	1.1494904	9.502518	13.468277
27562507	ACC	2.7204742	9.138504	11.878143
27562517	ACC	3.6209106	8.582916	10.28801
27562527	ACC	3.8508148	8.218903	9.425873
27562537	ACC	3.4484863	7.605835	9.406723
27562547	ACC	2.4139404	6.647934	10.747803
27562556	ACC	1.3793945	5.5175934	12.77858
27562566	ACC	0.8621216	4.597992	14.5794525
27562576	ACC	0.7471771	3.7741852	15.422424
27562586	ACC	0.68969727	2.9886932	15.154205
27562596	ACC	0.51727295	2.567215	14.253769
27562606	ACC	-0.019165039	2.4522552	12.567841
27562615	ACC	-0.78549194	2.6055298	10.632858
27562625	ACC	-1.513504	2.7396393	8.927765
27562635	ACC	-1.9541473	2.7204742	7.5292053
27562645	ACC	-2.0882568	2.777954	6.0348663
27562655	ACC	-1.8966675	2.835434	4.6171417
27562655	GPS	-7.83217	110.42496	110.64264
27562665	ACC	-1.4177094	2.835434	3.4484863
27562675	ACC	-0.5747528	2.6246796	2.7204742
27562684	ACC	0.3065338	2.279831	2.3756256
27562694	ACC	1.1686554	1.781723	2.6246796
27562704	ACC	1.8775177	1.2835999	3.027008
27562714	ACC	2.54805	0.7088623	3.9082947
27562724	ACC	3.046173	0.4023285	5.0961
27562734	ACC	3.314392	0.3065338	5.804962
27562743	ACC	3.3335419	0.4406433	6.0348663
27562753	ACC	3.1419525	0.5939026	5.9199066
27562763	ACC	2.7204742	0.97706604	5.555908
27562773	ACC	2.241516	1.4177094	5.326004
27562783	ACC	1.8008728	1.9732971	5.115265
27562793	ACC	1.5518188	2.4522552	5.268524
27562803	ACC	1.3793945	2.835434	6.054016
27562812	ACC	1.3602448	3.046173	7.069412
27562822	ACC	1.2644501	3.2377472	8.2955475
27562832	ACC	1.1494904	3.6592407	9.789886
27562842	ACC	1.3985596	4.310623	10.862747
27562852	ACC	2.1457214	4.310623	10.632858
27562862	ACC	2.9503784	4.4255676	9.406723
27562871	ACC	3.1228027	5.555908	8.736176
27562881	ACC	2.6438446	7.2418365	8.525436
27562891	ACC	1.8583527	8.83197	8.640396
27562901	ACC	1.4751892	9.8090515	9.579147
27562911	ACC	1.8966675	9.694092	10.498749
27562921	ACC	2.509735	9.004395	11.092651
27562930	ACC	2.6630096	8.353012	10.977707
27562940	ACC	2.8545837	8.123123	10.671173
27562950	ACC	3.0078583	7.854904	10.1539
27562960	ACC	2.9120636	7.4334106	9.847366
27562970	ACC	2.777954	6.839508	9.981476
27562980	ACC	2.5863647	6.3030853	10.077255
27562990	ACC	2.298996	6.149811	9.866516
27562999	ACC	1.7242432	6.3988647	9.502518
27563009	ACC	1.1111755	6.686249	8.946915
27563019	ACC	0.51727295	6.9927826	7.7399445
27563029	ACC	-0.03831482	7.107727	6.3414
27563039	ACC	-0.4597931	7.318466	5.057785
27563049	ACC	-0.8046417	7.4334106	3.831665
27563058	ACC	-0.95791626	7.356781	2.777954
27563068	ACC	-0.97706604	6.9736176	2.0882568
27563078	ACC	-1.0345459	6.590454	1.762558
27563088	ACC	-1.0345459	6.2456055	1.9349823
27563098	ACC	-1.0345459	5.843277	2.6821594
27563108	ACC	-0.82380676	5.4601135	3.6783905
27563118	ACC	-0.49812317	5.0003204	4.7321014
27563127	ACC	0.05747986	4.6937866	5.575058
27563137	ACC	0.65138245	4.387253	5.843277
27563147	ACC	1.0153961	4.1765137	5.4792786
27563157	ACC	0.95791626	4.1381836	5.1344147
27563167	ACC	0.38316345	4.5021973	4.751251
27563177	ACC	-0.6130676	5.07695	4.7321014
27563187	ACC	-1.7242432	5.6900177	5.536743
27563196	ACC	-2.4331055	5.9965515	6.609604
27563206	ACC	-3.084488	6.379715	7.9890137
27563216	ACC	-3.7550201	7.126892	8.755341
27563226	ACC	-4.4638824	8.506287	9.330093
27563236	ACC	-4.559677	9.674942	9.751572
27563246	ACC	-2.6630096	9.655777	9.387558
27563255	ACC	0.3256836	8.9086	9.176819
27563265	ACC	3.3718567	8.448807	9.119354
27563275	ACC	4.9619904	8.180588	8.218903
27563285	ACC	4.4447174	8.506287	7.7207947
27563295	ACC	2.54805	8.77449	8.276382
27563305	ACC	0.268219	8.506287	8.563751
27563314	ACC	-1.6859283	8.161438	9.732407
27563324	ACC	-3.1994324	7.9890137	11.763184
27563334	ACC	-3.8125	7.874054	13.506592
27563344	ACC	-3.4101715	7.8165894	13.813126
27563354	ACC	-2.567215	7.395096	12.893524
27563364	ACC	-1.3410797	6.609604	11.801514
27563374	ACC	-0.38316345	5.7666473	10.575378
27563383	ACC	-0.019165039	5.0003204	9.387558
27563393	ACC	0.019165039	4.6746216	8.506287
27563403	ACC	-0.15325928	4.540512	7.7016296
27563413	ACC	-0.3065338	4.4638824	7.107727
27563423	ACC	-0.3065338	4.329773	7.050247
27563433	ACC	-0.268219	4.2339783	7.088562
27563442	ACC	-0.05747986	4.080719	6.9544525
27563452	ACC	0.24905396	3.9082947	6.839508
27563462	ACC	0.82380676	3.7167053	6.7437134
27563472	ACC	1.4560242	3.544281	6.571289
27563482	ACC	2.1074066	3.314392	6.41803
27563492	ACC	2.8928986	3.027008	6.3030853
27563502	ACC	3.5059662	2.6438446	6.2264404
27563511	ACC	3.9082947	2.5289001	6.149811
27563521	ACC	3.9082947	2.6246796	5.843277
27563531	ACC	3.7741852	2.6630096	5.785797
27563541	ACC	3.6017609	2.6438446	5.7666473
27563551	ACC	3.3910217	2.54805	5.843277
27563561	ACC	3.1419525	2.4714203	5.9773865
27563570	ACC	2.8545837	2.567215	6.092331
27563580	ACC	2.6630096	2.7396393	6.5329742
27563590	ACC	2.509735	2.9312134	7.2609863
27563600	ACC	2.5289001	3.046173	8.276382
27563610	ACC	2.54805	3.1802826	9.272614
27563620	ACC	2.4522552	3.6400757	9.981476
27563630	ACC	2.7204742	4.099869	10.268845
27563639	ACC	3.3910217	4.061554	8.96608
27563649	ACC	3.5251312	4.4830475	7.625
27563659	ACC	2.797104	5.900757	7.126892
27563669	ACC	1.3602448	7.7399445	6.877823
27563679	ACC	0.09579468	9.157669	6.896988
27563689	ACC	-0.7663269	9.5216675	7.7016296
27563698	ACC	-1.2261353	9.100189	8.81282
27563708	ACC	-1.245285	8.448807	10.862747
27563718	ACC	-0.7280121	8.046478	13.717331
27563728	ACC	0.22990417	7.8165894	15.269165
27563738	ACC	1.6284485	7.2035217	15.1158905
27563748	ACC	3.314392	6.322235	13.583221
27563758	ACC	4.5213623	5.651703	11.973938
27563758	GPS	-7.8321466	110.424965	110.15381
27563767	ACC	4.9811554	5.345169	10.996857
27563777	ACC	4.4830475	5.383484	10.28801
27563787	ACC	3.4484863	5.6900177	9.559982
27563797	ACC	2.0690918	5.843277	8.697861
27563807	ACC	0.536438	6.0157013	7.7207947
27563817	ACC	-1.0345459	6.379715	6.877823
27563826	ACC	-2.3564758	6.839508	6.2072906
27563836	ACC	-3.1036377	7.069412	5.651703
27563846	ACC	-3.1802826	7.088562	5.345169
27563856	ACC	-2.567215	6.839508	5.115265
27563866	ACC	-1.4177094	6.5329742	4.4447174
27563876	ACC	0.05747986	6.3414	3.6209106
27563886	ACC	1.3602448	6.3414	2.9695282
27563895	ACC	2.4905853	6.111496	2.8928986
27563905	ACC	3.276062	5.651703	3.563446
27563915	ACC	3.4293365	5.1727448	4.578827
27563925	ACC	2.9503784	4.9811554	5.881592
27563935	ACC	1.762558	4.9811554	6.839508
27563945	ACC	0.49812317	5.01947	7.165207
27563954	ACC	-0.5939026	5.07695	7.107727
27563964	ACC	-1.3219147	5.2110596	7.0310974
27563974	ACC	-1.9541473	5.364319	7.337631
27563984	ACC	-2.3564758	5.536743	8.084793
27563994	ACC	-2.7013245	5.7666473	8.640396
27564004	ACC	-3.084488	6.0157013	9.119354
27564014	ACC	-3.2377472	6.3988647	9.5408325
27564023	ACC	-3.276062	7.050247	10.28801
27564033	ACC	-2.816269	7.68248	12.031403
27564043	ACC	-1.9349823	8.046478	13.679016
27564053	ACC	-0.4023285	7.7016296	14.445358
27564063	ACC	0.9962311	6.9544525	14.177139
27564073	ACC	1.9349823	6.3030853	13.372482
27564082	ACC	2.3564758	6.0157013	12.83606
27564092	ACC	2.4522552	5.9199066	13.085114
27564102	ACC	2.4331055	5.843277	13.85144
27564112	ACC	2.4905853	5.555908	14.330399
27564122	ACC	2.7396393	5.383484	13.9664
27564132	ACC	2.8737488	5.2302094	13.295853
27564142	ACC	2.7204742	5.1535797	12.62532
27564151	ACC	2.4905853	4.9619904	11.993088
27564161	ACC	2.3181458	4.7129364	11.207596
27564171	ACC	2.2606812	4.4064026	10.307159
27564181	ACC	2.1840515	4.042404	9.483353
27564191	ACC	2.1074066	3.6975555	8.77449
27564201	ACC	1.9924622	3.352707	8.276382
27564210	ACC	1.8775177	3.0078583	7.663315
27564220	ACC	1.8392029	2.6821594	7.107727
27564230	ACC	2.030777	2.4331055	6.7437134
27564240	ACC	2.3947906	2.1840515	6.4371796
27564250	ACC	2.835434	1.9541473	6.2839203
27564260	ACC	3.2377472	1.6859283	6.168976
27564270	ACC	3.5251312	1.3219147	6.054016
27564279	ACC	3.6783905	0.9962311	6.0157013
27564289	ACC	3.6975555	0.7663269	5.9965515
27564299	ACC	3.6783905	0.5939026	5.9199066
27564309	ACC	3.5825958	0.55558777	5.785797
27564319	ACC	3.4484863	0.65138245	5.4984283
27564329	ACC	3.1611176	0.8046417	5.2110596
27564338	ACC	2.8928986	1.0153961	4.827896
27564348	ACC	2.6821594	1.2069702	4.540512
27564358	ACC	2.6055298	1.3410797	4.329773
27564368	ACC	2.4905853	1.3985596	4.387253
27564378	ACC	2.3947906	1.513504	4.8853607
27564388	ACC	2.1648865	1.7434082	5.4984283
27564398	ACC	1.9732971	2.1840515	6.3988647
27564407	ACC	2.0690918	2.4331055	7.4717407
27564417	ACC	2.54805	2.3181458	8.123123
27564427	ACC	3.046173	2.279831	7.912369
27564437	ACC	3.1228027	2.835434	7.7207947
27564447	ACC	2.6630096	4.023239	7.4334106
27564457	ACC	2.2223663	4.9045258	7.146042
27564466	ACC	1.781723	5.4601135	7.088562
27564476	ACC	1.5326691	5.4601135	7.395096
27564486	ACC	1.3410797	5.1918945	8.391327
27564496	ACC	1.1494904	4.9811554	9.981476
27564506	ACC	0.8621216	4.847046	12.127197
27564516	ACC	0.95791626	4.751251	14.349564
27564526	ACC	1.4943542	4.6171417	15.671478
27564535	ACC	2.4331055	4.291458	16.150436
27564545	ACC	3.4484863	3.7358704	16.092972
27564555	ACC	4.291458	3.314392	15.364944
27564565	ACC	4.789566	3.1994324	14.119659
27564575	ACC	4.808731	3.6017609	12.62532
27564585	ACC	4.272293	4.119034	11.265076
27564594	ACC	3.544281	4.559677	10.09642
27564604	ACC	2.758789	4.9236755	9.100189
27564614	ACC	1.8200378	5.0386353	8.257217
27564624	ACC	1.0345459	5.0961	7.4717407
27564634	ACC	0.4023285	5.2302094	6.9544525
27564644	ACC	-0.03831482	5.3068542	6.839508
27564654	ACC	-0.3065338	5.326004	7.0119324
27564663	ACC	-0.34484863	5.2302094	7.4525757
27564673	ACC	-0.21073914	5.01947	7.7974243
27564673	GPS	-7.8321247	110.42497	110.403076
27564683	ACC	0.019165039	4.7704163	7.854904
27564693	ACC	0.3256836	4.578827	7.7207947
27564703	ACC	0.51727295	4.4064026	7.7974243
27564713	ACC	0.7663269	4.1765137	8.161438
27564722	ACC	0.8812866	4.119034	8.467972
27564732	ACC	0.8429718	4.1765137	8.640396
27564742	ACC	0.55558777	4.310623	8.525436
27564752	ACC	0.09579468	4.387253	8.161438
27564762	ACC	-0.34484863	4.4830475	7.7207947
27564772	ACC	-0.7280121	4.578827	7.1843567
27564782	ACC	-1.0153961	4.6171417	6.877823
27564791	ACC	-0.95791626	4.559677	6.839508
27564801	ACC	-0.7663269	4.559677	7.069412
27564811	ACC	-0.6705475	4.6746216	7.146042
27564821	ACC	-0.8429718	5.057785	7.7207947
27564831	ACC	-1.1878204	5.594223	9.042709
27564841	ACC	-1.6284485	6.168976	10.556213
27564850	ACC	-1.5518188	6.6670837	12.682785
27564860	ACC	-0.6322174	6.4563446	14.426193
27564870	ACC	0.8429718	5.9199066	15.614014
27564880	ACC	2.4714203	5.383484	16.092972
27564890	ACC	3.6975555	4.827896	16.112122
27564900	ACC	4.7321014	4.1956635	15.767273
27564909	ACC	5.900757	3.3335419	14.675247
27564919	ACC	6.5521393	2.6055298	13.698181
27564929	ACC	6.4371796	2.4905853	13.295853
27564939	ACC	5.575058	2.797104	13.6215515
27564949	ACC	4.636307	3.4293365	13.6215515
27564959	ACC	3.9466095	3.793335	13.391647
27564969	ACC	3.5825958	3.8508148	12.548676
27564978	ACC	3.046173	3.8891296	11.36087
27564988	ACC	2.4139404	3.8508148	10.422104
27564998	ACC	1.762558	3.8508148	9.8090515
27565008	ACC	1.3410797	3.6783905	9.445038
27565018	ACC	1.1494904	3.4868164	9.234299
27565028	ACC	1.1303406	3.276062	9.176819
27565037	ACC	1.245285	3.0653229	9.598297
27565047	ACC	1.4560242	3.027008	9.866516
27565057	ACC	1.6284485	2.9695282	9.923996
27565067	ACC	1.762558	2.777954	9.866516
27565077	ACC	1.7434082	2.6438446	9.579147
27565087	ACC	1.7050934	2.54805	9.02356
27565097	ACC	1.6476135	2.509735	8.429642
27565106	ACC	1.5901337	2.4714203	7.663315
27565116	ACC	1.5326691	2.4714203	7.0119324
27565126	ACC	1.5709839	2.4139404	6.379715
27565136	ACC	1.5326691	2.4905853	5.7283325
27565146	ACC	1.4943542	2.4905853	5.345169
27565156	ACC	1.4943542	2.3947906	5.2110596
27565165	ACC	1.5518188	2.3181458	5.326004
27565175	ACC	1.6092987	2.279831	5.4601135
27565185	ACC	1.7050934	2.2606812	5.7283325
27565195	ACC	1.7434082	2.2606812	5.9390717
27565205	ACC	1.6667786	2.241516	6.686249
27565215	ACC	1.5518188	2.241516	7.4717407
27565224	ACC	1.4368744	2.1457214	8.582916
27565234	ACC	1.3602448	2.0882568	9.368408
27565244	ACC	1.2644501	2.0116272	9.981476
27565254	ACC	1.0537109	2.2223663	10.24968
27565264	ACC	0.95791626	2.6246796	10.019791
27565274	ACC	1.0537109	3.2377472	9.502518
27565284	ACC	1.2069702	3.7167053	9.195984
27565293	ACC	1.3602448	4.2148285	9.5216675
27565303	ACC	1.4368744	4.655472	9.923996
27565313	ACC	1.5326691	4.866211	10.019791
27565323	ACC	1.762558	4.6746216	10.09642
27565333	ACC	1.9732971	4.348938	9.847366
27565343	ACC	2.1074066	4.042404	9.636627
27565352	ACC	2.0882568	3.9657593	9.502518
27565362	ACC	2.1074066	4.099869	9.349243
27565372	ACC	2.0882568	4.2148285	9.004395
27565382	ACC	2.030777	4.4255676	8.927765
27565392	ACC	1.5518188	4.578827	8.83197
27565402	ACC	0.8621216	4.7129364	8.736176
27565411	ACC	0.05747986	4.789566	8.717026
27565421	ACC	-0.6705475	4.8853607	8.717026
27565431	ACC	-1.1878204	5.1344147	8.717026
27565441	ACC	-1.4177094	5.345169	8.946915
27565451	ACC	-1.1303406	5.4984283	9.234299
27565461	ACC	-0.4023285	5.326004	9.2534485
27565471	ACC	0.51727295	5.1918945	8.9086
27565480	ACC	1.3602448	5.2110596	8.391327
27565490	ACC	1.9924622	5.345169	7.874054
27565500	ACC	2.4522552	5.4601135	7.395096
27565510	ACC	2.6438446	5.575058	7.2226715
27565520	ACC	2.7013245	5.594223	7.146042
27565530	ACC	2.6630096	5.536743	6.9927826
27565539	ACC	2.567215	5.4026337	6.877823
27565549	ACC	2.4139404	5.057785	6.839508
27565559	ACC	2.0882568	4.808731	6.896988
27565569	ACC	1.8583527	4.6171417	7.1843567
27565579	ACC	1.5709839	4.4638824	7.5292053
27565589	ACC	1.3793945	4.329773	7.874054
27565599	ACC	1.2261353	4.119034	8.180588
27565608	ACC	1.0153961	4.042404	8.410492
27565618	ACC	0.78549194	4.023239	8.602066
27565628	ACC	0.47895813	4.1381836	8.678711
27565628	GPS	-7.832104	110.42498	110.72412
27565638	ACC	0.24905396	4.310623	8.697861
27565648	ACC	0.09579468	4.559677	8.678711
27565658	ACC	0.15325928	4.751251	8.697861
27565667	ACC	0.22990417	4.9811554	8.582916
27565677	ACC	0.3065338	5.1727448	8.582916
27565687	ACC	0.38316345	5.326004	8.582916
27565697	ACC	0.47895813	5.4792786	8.582916
27565707	ACC	0.5939026	5.536743	8.621231
27565717	ACC	0.78549194	5.555908	8.77449
27565726	ACC	1.0153961	5.4984283	8.83197
27565736	ACC	1.3027649	5.326004	8.77449
27565746	ACC	1.5326691	5.1918945	8.602066
27565756	ACC	1.6092987	5.07695	8.372177
27565766	ACC	1.4751892	4.9428406	8.084793
27565776	ACC	1.1494904	4.6746216	8.008163
27565786	ACC	0.65138245	4.4830475	8.0273285
27565795	ACC	0.019165039	4.368088	8.314697
27565805	ACC	-0.51727295	4.329773	8.602066
27565815	ACC	-0.91960144	4.348938	8.88945
27565825	ACC	-1.2069702	4.329773	9.176819
27565835	ACC	-1.2835999	4.272293	9.406723
27565845	ACC	-1.1686554	4.2531433	9.483353
27565854	ACC	-0.9962311	4.2531433	9.310928
27565864	ACC	-0.8046417	4.1573486	8.96608
27565874	ACC	-0.68969727	4.1573486	8.736176
27565884	ACC	-0.4597931	4.2531433	8.717026
27565894	ACC	-0.19158936	4.368088	8.736176
27565904	ACC	0.05747986	4.4255676	8.487122
27565913	ACC	0.3256836	4.4064026	8.314697
27565923	ACC	0.536438	4.291458	8.0273285
27565933	ACC	0.38316345	4.4447174	7.835739
27565943	ACC	0.28736877	4.272293	8.142273
27565953	ACC	0.05747986	4.1573486	8.161438
27565963	ACC	-0.3065338	4.4255676	8.238068
27565972	ACC	-0.5939026	4.751251	8.467972
27565982	ACC	-0.68969727	4.847046	8.83197
27565992	ACC	-0.7088623	4.808731	8.83197
27566002	ACC	-0.7280121	4.655472	8.717026
27566012	ACC	-0.7471771	4.5213623	8.77449
27566022	ACC	-0.82380676	4.4255676	8.870285
27566032	ACC	-0.8812866	4.387253	9.119354
27566041	ACC	-0.9004364	4.291458	9.368408
27566051	ACC	-0.91960144	4.1765137	9.770721
27566061	ACC	-0.91960144	3.8891296	10.192215
27566071	ACC	-0.8621216	3.6975555	10.364639
27566081	ACC	-0.8621216	3.544281	10.671173
27566091	ACC	-0.8621216	3.4868164	10.728638
27566100	ACC	-0.8429718	3.5059662	10.517899
27566110	ACC	-0.82380676	3.6209106	10.24968
27566120	ACC	-0.7663269	3.8125	9.866516
27566130	ACC	-0.7088623	3.9274445	9.598297
27566140	ACC	-0.6705475	4.0040894	9.195984
27566150	ACC	-0.6130676	4.042404	9.176819
27566160	ACC	-0.6705475	4.023239	9.157669
27566169	ACC	-0.7280121	4.061554	9.195984
27566179	ACC	-0.8046417	4.0040894	9.215134
27566189	ACC	-0.8046417	4.099869	9.004395
27566199	ACC	-0.82380676	4.080719	8.927765
27566209	ACC	-0.78549194	4.119034	8.927765
27566219	ACC	-0.7280121	4.1573486	8.88945
27566228	ACC	-0.6130676	4.2148285	8.985245
27566238	ACC	-0.55558777	4.2148285	8.927765
27566248	ACC	-0.5747528	4.1765137	8.927765
27566258	ACC	-0.5939026	4.099869	8.96608
27566268	ACC	-0.65138245	4.0040894	8.985245
27566278	ACC	-0.65138245	3.9466095	9.081024
27566288	ACC	-0.5747528	3.9082947	9.100189
27566297	ACC	-0.4406433	3.831665	8.96608
27566307	ACC	-0.22990417	3.8699799	8.927765
27566317	ACC	-0.11494446	4.061554	8.83197
27566327	ACC	-0.03831482	4.291458	8.678711
27566337	ACC	0.03831482	4.387253	8.372177
27566347	ACC	0.15325928	4.4447174	8.238068
27566356	ACC	0.15325928	4.4255676	8.199753
27566366	ACC	0.11494446	4.4447174	8.276382
27566376	ACC	-0.019165039	4.387253	8.353012
27566386	ACC	-0.22990417	4.368088	8.391327
27566396	ACC	-0.4406433	4.291458	8.506287
27566406	ACC	-0.5747528	4.291458	8.621231
27566416	ACC	-0.68969727	4.2531433	8.678711
27566425	ACC	-0.7088623	4.1765137	8.870285
27566435	ACC	-0.7088623	4.119034	9.138504
27566445	ACC	-0.7280121	4.080719	9.272614
27566455	ACC	-0.6705475	4.0040894	9.310928
27566465	ACC	-0.6322174	3.8699799	9.272614
27566475	ACC	-0.6130676	3.7550201	9.234299
27566484	ACC	-0.65138245	3.6975555	9.310928
27566494	ACC	-0.68969727	3.7358704	9.406723
27566504	ACC	-0.7280121	3.831665	9.445038
27566514	ACC	-0.65138245	3.9466095	9.2534485
27566524	ACC	-0.55558777	4.0040894	9.081024
27566534	ACC	-0.55558777	3.9849243	8.927765
27566544	ACC	-0.49812317	3.9849243	8.81282
27566553	ACC	-0.536438	3.9849243	8.870285
27566563	ACC	-0.5939026	3.9657593	8.946915
27566573	ACC	-0.7280121	3.9657593	9.02356
27566583	ACC	-0.7280121	3.9466095	9.042709
27566593	ACC	-0.78549194	3.9657593	8.985245
27566603	ACC	-0.7088623	4.023239	9.02356
27566612	ACC	-0.65138245	4.042404	9.081024
27566622	ACC	-0.4597931	4.0040894	9.100189
27566632	ACC	-0.28736877	3.8699799	9.157669
27566632	GPS	-7.8320904	110.42499	110.09729
27566642	ACC	-0.21073914	3.7741852	9.081024
27566652	ACC	-0.05747986	3.7167053	9.004395
27566662	ACC	-0.07662964	3.6592407	9.004395
27566671	ACC	-0.019165039	3.6783905	9.119354
27566681	ACC	0.03831482	3.7550201	9.272614
27566691	ACC	0.21073914	3.8508148	9.291779
27566701	ACC	0.4406433	3.8508148	9.387558
27566711	ACC	0.5939026	3.6975555	9.368408
27566721	ACC	0.5747528	3.563446	9.215134
27566731	ACC	0.4406433	3.4868164	9.138504
27566740	ACC	0.28736877	3.6209106	9.119354
27566750	ACC	0.09579468	3.6975555	9.272614
27566760	ACC	-0.05747986	3.793335	9.349243
27566770	ACC	-0.1341095	3.7741852	9.349243
27566780	ACC	-0.15325928	3.8125	9.272614
27566790	ACC	-0.17242432	3.8508148	9.081024
27566799	ACC	-0.22990417	3.9849243	8.96608
27566809	ACC	-0.19158936	4.099869	8.9086
27566819	ACC	-0.07662964	4.042404	8.851135
27566829	ACC	0.019165039	4.023239	8.81282
27566839	ACC	0.019165039	3.9466095	8.870285
27566849	ACC	-0.03831482	3.8699799	9.081024
27566859	ACC	-0.11494446	3.8699799	9.02356
27566868	ACC	-0.1341095	3.8699799	8.927765
27566878	ACC	-0.17242432	3.8891296	8.870285
27566888	ACC	-0.17242432	4.023239	8.77449
27566898	ACC	-0.1341095	4.099869	8.717026
27566908	ACC	-0.11494446	4.2148285	8.563751
27566918	ACC	-0.07662964	4.2531433	8.467972
27566927	ACC	-0.11494446	4.2531433	8.391327
27566937	ACC	-0.11494446	4.2148285	8.372177
27566947	ACC	-0.09579468	4.2148285	8.506287
27566957	ACC	-0.1341095	4.119034	8.582916
27566967	ACC	-0.1341095	4.1381836	8.678711
27566977	ACC	-0.07662964	4.1381836	8.659546
27566987	ACC	-0.019165039	4.119034	8.621231
27566996	ACC	0.0	4.1381836	8.563751
27567006	ACC	0.11494446	4.1956635	8.621231
27567016	ACC	0.21073914	4.1765137	8.602066
27567026	ACC	0.24905396	4.1573486	8.678711
27567036	ACC	0.268219	4.080719	8.755341
27567046	ACC	0.15325928	4.042404	8.851135
27567055	ACC	0.019165039	4.0040894	9.042709
27567065	ACC	-0.05747986	3.9466095	9.176819
27567075	ACC	-0.1341095	3.8891296	9.349243
27567085	ACC	-0.1341095	3.9082947	9.425873
27567095	ACC	-0.03831482	3.9657593	9.445038
27567105	ACC	0.05747986	3.9466095	9.291779
27567115	ACC	0.11494446	4.042404	9.081024
27567124	ACC	0.09579468	4.061554	9.042709
27567134	ACC	0.05747986	4.061554	9.02356
27567144	ACC	0.09579468	4.080719	9.042709
27567154	ACC	0.019165039	4.099869	9.004395
27567164	ACC	0.0	4.080719	9.004395
27567174	ACC	0.09579468	4.119034	9.02356
27567183	ACC	0.17242432	4.1573486	9.02356
27567193	ACC	0.3065338	4.1765137	8.96608
27567203	ACC	0.38316345	4.1956635	8.927765
27567213	ACC	0.4023285	4.1956635	8.870285
27567223	ACC	0.34484863	4.119034	8.9086
27567233	ACC	0.24905396	4.1381836	8.927765
27567243	ACC	0.15325928	4.080719	9.02356
27567252	ACC	0.09579468	4.061554	9.061874
27567262	ACC	0.11494446	4.099869	9.004395
27567272	ACC	0.1341095	4.099869	8.927765
27567282	ACC	0.15325928	4.119034	8.88945
27567292	ACC	0.19158936	4.1381836	8.77449
27567302	ACC	0.21073914	4.1956635	8.793655
27567311	ACC	0.21073914	4.2148285	8.755341
27567321	ACC	0.19158936	4.2531433	8.736176
27567331	ACC	0.19158936	4.2531433	8.755341
27567341	ACC	0.19158936	4.272293	8.793655
27567351	ACC	0.21073914	4.2148285	8.755341
27567361	ACC	0.19158936	4.2339783	8.81282
27567371	ACC	0.21073914	4.2148285	8.870285
27567380	ACC	0.15325928	4.1956635	8.9086
27567390	ACC	0.15325928	4.1573486	8.870285
27567400	ACC	0.1341095	4.119034	8.870285
27567410	ACC	0.09579468	4.1765137	8.88945
27567420	ACC	0.05747986	4.1573486	8.985245
27567430	ACC	0.019165039	4.1765137	9.02356
27567439	ACC	0.07662964	4.1765137	9.004395
27567449	ACC	0.11494446	4.1956635	8.9086
27567459	ACC	0.17242432	4.2531433	8.77449
27567469	ACC	0.15325928	4.2148285	8.717026
27567479	ACC	0.17242432	4.2148285	8.659546
27567489	ACC	0.1341095	4.2148285	8.659546
27567499	ACC	0.11494446	4.2531433	8.678711
27567508	ACC	0.07662964	4.2531433	8.717026
27567518	ACC	0.05747986	4.1956635	8.77449
27567528	ACC	0.07662964	4.1573486	8.793655
27567538	ACC	0.07662964	4.080719	8.81282
27567548	ACC	0.05747986	4.080719	8.77449
27567558	ACC	0.09579468	4.061554	8.870285
27567567	ACC	0.07662964	4.099869	8.96608
27567577	ACC	0.03831482	4.099869	8.96608
27567587	ACC	0.03831482	4.080719	8.985245
27567597	ACC	0.019165039	4.119034	8.88945
27567607	ACC	-0.019165039	4.1381836	8.81282
27567617	ACC	0.019165039	4.2148285	8.81282
27567627	ACC	0.05747986	4.2531433	8.81282
27567627	GPS	-7.832091	110.42498	110.27368
27567636	ACC	0.1341095	4.291458	8.755341
27567646	ACC	0.15325928	4.2531433	8.736176
27567656	ACC	0.1341095	4.272293	8.755341
27567666	ACC	0.1341095	4.2531433	8.736176
27567676	ACC	0.11494446	4.2531433	8.755341
27567686	ACC	0.03831482	4.2339783	8.81282
27567695	ACC	0.019165039	4.2148285	8.851135
27567705	ACC	0.0	4.1573486	8.88945
27567715	ACC	0.03831482	4.1765137	8.83197
27567725	ACC	0.03831482	4.1765137	8.81282
27567735	ACC	0.07662964	4.1381836	8.851135
27567745	ACC	0.07662964	4.1765137	8.81282
27567755	ACC	0.11494446	4.119034	8.851135
27567764	ACC	0.07662964	4.080719	8.755341
27567774	ACC	0.019165039	4.042404	8.755341
27567784	ACC	0.03831482	4.119034	8.755341
27567794	ACC	0.05747986	4.1381836	8.755341
27567804	ACC	0.1341095	4.1573486	8.83197
27567814	ACC	0.07662964	4.1381836	8.870285
27567823	ACC	0.07662964	4.1381836	8.88945
27567833	ACC	0.03831482	4.099869	8.870285
27567843	ACC	0.019165039	4.1573486	8.851135
27567853	ACC	0.05747986	4.1956635	8.870285
27567863	ACC	0.03831482	4.1956635	8.81282
27567873	ACC	0.05747986	4.2531433	8.77449
27567883	ACC	0.09579468	4.1956635	8.83197
27567892	ACC	0.15325928	4.272293	8.793655
27567902	ACC	0.15325928	4.291458	8.793655
27567912	ACC	0.21073914	4.2531433	8.851135
27567922	ACC	0.21073914	4.2148285	8.88945
27567932	ACC	0.21073914	4.2531433	8.851135
27567942	ACC	0.19158936	4.272293	8.985245
27567951	ACC	0.15325928	4.272293	8.9086
27567961	ACC	0.1341095	4.272293	8.9086
27567971	ACC	0.15325928	4.272293	8.870285
27567981	ACC	0.1341095	4.310623	8.83197
27567991	ACC	0.09579468	4.329773	8.88945
27568001	ACC	0.05747986	4.272293	8.851135
27568011	ACC	0.019165039	4.272293	8.77449
27568020	ACC	0.03831482	4.272293	8.851135
27568030	ACC	-0.03831482	4.272293	8.96608
27568040	ACC	-0.03831482	4.272293	9.004395
27568050	ACC	-0.03831482	4.2148285	8.985245
27568060	ACC	-0.03831482	4.1765137	8.9086
27568070	ACC	0.03831482	4.2148285	8.83197
27568079	ACC	0.15325928	4.2531433	8.83197
27568089	ACC	0.17242432	4.2531433	8.793655
27568099	ACC	0.09579468	4.2531433	8.870285
27568109	ACC	0.05747986	4.2148285	9.081024
27568119	ACC	-0.019165039	4.2531433	9.081024
27568129	ACC	-0.05747986	4.2531433	8.985245
27568139	ACC	-0.07662964	4.310623	8.96608
27568148	ACC	-0.07662964	4.348938	9.042709
27568158	ACC	0.019165039	4.2531433	9.061874
27568168	ACC	0.09579468	4.1381836	9.176819
27568178	ACC	0.03831482	4.1381836	9.138504
27568188	ACC	-0.019165039	4.2148285	9.042709
27568198	ACC	0.0	4.348938	8.96608
27568207	ACC	0.03831482	4.348938	8.640396
27568217	ACC	0.07662964	4.348938	8.353012
27568227	ACC	0.07662964	4.4064026	8.065643
27568237	ACC	-0.019165039	4.4255676	8.123123
27568247	ACC	-0.19158936	4.1573486	8.448807
27568257	ACC	-0.4406433	4.1956635	8.717026
27568267	ACC	-0.6322174	4.4638824	8.96608
27568276	ACC	-0.7088623	4.4638824	9.330093
